3 0.521484375 0.478515625 0.15234375 0.240234375
3 0.6484375 0.51171875 0.15234375 0.2333984375
3 0.7958984375 0.5185546875 0.1826171875 0.240234375
3 0.2734375 0.546875 0.15234375 0.2705078125
3 0.40234375 0.548828125 0.14453125 0.2265625
2 0.2763671875 0.6533203125 0.15234375 0.6787109375
2 0.7978515625 0.5322265625 0.177734375 0.4560546875
2 0.5185546875 0.6318359375 0.14453125 0.7197265625
2 0.4033203125 0.66015625 0.1376953125 0.6689453125
2 0.6513671875 0.63671875 0.150390625 0.6689453125
1 0.759765625 0.359375 0.0595703125 0.109375
1 0.6435546875 0.3505859375 0.0556640625 0.0966796875
1 0.2734375 0.3671875 0.052734375 0.109375
1 0.51953125 0.322265625 0.0546875 0.095703125
0 0.3974609375 0.3515625 0.0654296875 0.0625