4 0.4365234375 0.439453125 0.04296875 0.1123046875
4 0.4921875 0.431640625 0.048828125 0.1142578125
2 0.4931640625 0.49609375 0.0673828125 0.3125
2 0.4423828125 0.4892578125 0.056640625 0.3125
2 0.0732421875 0.4677734375 0.04296875 0.2607421875
2 0.1455078125 0.4677734375 0.0556640625 0.2763671875
2 0.39453125 0.43359375 0.0380859375 0.2333984375
3 0.1474609375 0.419921875 0.0390625 0.1025390625
3 0.0732421875 0.423828125 0.03125 0.103515625
3 0.3935546875 0.3974609375 0.0302734375 0.0869140625
1 0.4951171875 0.357421875 0.0205078125 0.0380859375
1 0.447265625 0.3583984375 0.0205078125 0.041015625
1 0.3974609375 0.3359375 0.0166015625 0.0361328125
1 0.142578125 0.3515625 0.02734375 0.0439453125
1 0.0751953125 0.3525390625 0.01953125 0.0341796875