4 0.21484375 0.423828125 0.111328125 0.3330078125
4 0.5283203125 0.4052734375 0.0947265625 0.142578125
2 0.21484375 0.5498046875 0.119140625 0.890625
2 0.78515625 0.4599609375 0.0947265625 0.296875
2 0.1279296875 0.470703125 0.0322265625 0.15234375
2 0.52734375 0.47265625 0.099609375 0.3818359375
3 0.7880859375 0.3984375 0.04296875 0.07421875
3 0.125 0.43359375 0.0224609375 0.0341796875
1 0.2197265625 0.185546875 0.0654296875 0.1416015625
1 0.5224609375 0.306640625 0.0302734375 0.0517578125
1 0.7890625 0.33984375 0.0341796875 0.046875
1 0.125 0.40625 0.0087890625 0.0244140625