4 0.22265625 0.611328125 0.0888671875 0.1796875
4 0.712890625 0.642578125 0.0615234375 0.1943359375
4 0.529296875 0.724609375 0.09765625 0.119140625
2 0.5009765625 0.828125 0.1884765625 0.33203125
2 0.2265625 0.68359375 0.177734375 0.416015625
2 0.693359375 0.697265625 0.1123046875 0.51953125
2 0.51171875 0.5908203125 0.05859375 0.166015625
0 0.6962890625 0.470703125 0.0498046875 0.064453125
0 0.2744140625 0.509765625 0.0390625 0.0654296875
0 0.42578125 0.7294921875 0.037109375 0.0859375
0 0.5107421875 0.5234375 0.03125 0.037109375