4 0.0595703125 0.498046875 0.083984375 0.134765625
4 0.615234375 0.564453125 0.064453125 0.1201171875
4 0.130859375 0.5556640625 0.041015625 0.115234375
4 0.203125 0.548828125 0.060546875 0.1376953125
4 0.2841796875 0.5888671875 0.0517578125 0.1298828125
4 0.4306640625 0.55078125 0.0546875 0.115234375
4 0.5068359375 0.533203125 0.064453125 0.1064453125
4 0.822265625 0.6044921875 0.041015625 0.0986328125
4 0.892578125 0.5576171875 0.0439453125 0.083984375
4 0.9580078125 0.546875 0.037109375 0.076171875
2 0.6201171875 0.609375 0.076171875 0.2685546875
2 0.8876953125 0.5849609375 0.060546875 0.240234375
2 0.822265625 0.6142578125 0.052734375 0.203125
2 0.958984375 0.5830078125 0.0517578125 0.2314453125
2 0.2109375 0.6044921875 0.080078125 0.353515625
2 0.28125 0.6162109375 0.068359375 0.2998046875
2 0.3359375 0.6357421875 0.0654296875 0.263671875
2 0.5087890625 0.58984375 0.072265625 0.3408203125
2 0.439453125 0.6044921875 0.0751953125 0.330078125
2 0.1298828125 0.6240234375 0.06640625 0.369140625
2 0.0576171875 0.5908203125 0.09765625 0.4501953125
1 0.0703125 0.3974609375 0.0390625 0.0537109375
1 0.1318359375 0.4736328125 0.0341796875 0.048828125
1 0.2099609375 0.453125 0.0322265625 0.05078125
1 0.287109375 0.4912109375 0.0419921875 0.0517578125
1 0.33984375 0.529296875 0.033203125 0.04296875
1 0.4423828125 0.4736328125 0.03515625 0.05078125
1 0.5166015625 0.4462890625 0.0341796875 0.0439453125
1 0.6240234375 0.4951171875 0.029296875 0.041015625
1 0.8203125 0.5302734375 0.0234375 0.0283203125
1 0.89453125 0.5009765625 0.025390625 0.0263671875
1 0.962890625 0.484375 0.0302734375 0.03125
4 0.3388671875 0.611328125 0.0439453125 0.115234375