4 0.0966796875 0.439453125 0.1533203125 0.3251953125
4 0.626953125 0.365234375 0.115234375 0.259765625
4 0.76171875 0.3486328125 0.1171875 0.2529296875
4 0.853515625 0.6337890625 0.123046875 0.2265625
2 0.1240234375 0.5703125 0.236328125 0.8515625
2 0.8271484375 0.6494140625 0.173828125 0.484375
2 0.626953125 0.474609375 0.142578125 0.732421875
2 0.76953125 0.3955078125 0.1435546875 0.5673828125
0 0.1103515625 0.2177734375 0.078125 0.1396484375
0 0.642578125 0.1650390625 0.05859375 0.1083984375
0 0.7587890625 0.1748046875 0.064453125 0.123046875
0 0.8271484375 0.4716796875 0.052734375 0.126953125