4 0.4423828125 0.7548828125 0.44140625 0.484375
4 0.6259765625 0.736328125 0.2685546875 0.517578125
4 0.7158203125 0.69921875 0.1171875 0.279296875
2 0.6337890625 0.63671875 0.275390625 0.703125
2 0.431640625 0.5576171875 0.423828125 0.859375
2 0.720703125 0.7177734375 0.1455078125 0.5302734375
2 0.6279296875 0.51171875 0.0634765625 0.109375
1 0.3603515625 0.3056640625 0.169921875 0.3583984375
1 0.560546875 0.375 0.1103515625 0.1845703125
1 0.6748046875 0.5029296875 0.046875 0.1044921875
1 0.625 0.4912109375 0.048828125 0.0654296875