4 0.2216796875 0.4716796875 0.169921875 0.373046875
4 0.7578125 0.4755859375 0.1376953125 0.28515625
4 0.4892578125 0.478515625 0.1181640625 0.3017578125
4 0.61328125 0.48046875 0.1240234375 0.27734375
4 0.37109375 0.4921875 0.1298828125 0.314453125
2 0.2255859375 0.57421875 0.201171875 0.8466796875
2 0.76171875 0.6064453125 0.1591796875 0.7451171875
2 0.6240234375 0.599609375 0.1572265625 0.7763671875
2 0.3759765625 0.607421875 0.1484375 0.7822265625
2 0.494140625 0.6044921875 0.1572265625 0.787109375
0 0.7392578125 0.2666015625 0.0673828125 0.0771484375
0 0.6064453125 0.24609375 0.072265625 0.072265625
0 0.4921875 0.2568359375 0.0849609375 0.0888671875
0 0.3740234375 0.2587890625 0.080078125 0.083984375
0 0.22265625 0.1923828125 0.0732421875 0.076171875