4 0.1015625 0.7939453125 0.162109375 0.4013671875
4 0.5341796875 0.7451171875 0.138671875 0.3740234375
2 0.107421875 0.712890625 0.169921875 0.5654296875
2 0.5341796875 0.7119140625 0.142578125 0.56640625
2 0.3515625 0.732421875 0.1416015625 0.5234375
2 0.7744140625 0.7421875 0.046875 0.154296875
1 0.49609375 0.5078125 0.05859375 0.158203125
1 0.3583984375 0.541015625 0.0576171875 0.1376953125
1 0.1435546875 0.5185546875 0.0712890625 0.16015625
3 0.3505859375 0.755859375 0.1103515625 0.2685546875
3 0.7734375 0.7265625 0.0185546875 0.0673828125
1 0.7763671875 0.6748046875 0.0126953125 0.017578125