4 0.07421875 0.75390625 0.1474609375 0.490234375
4 0.19921875 0.7724609375 0.1533203125 0.443359375
2 0.2021484375 0.6962890625 0.1611328125 0.59765625
2 0.431640625 0.69921875 0.1923828125 0.591796875
2 0.0908203125 0.6416015625 0.181640625 0.69140625
2 0.66015625 0.830078125 0.064453125 0.2490234375
2 0.69921875 0.8193359375 0.0517578125 0.2822265625
3 0.41796875 0.755859375 0.1396484375 0.3193359375
3 0.6982421875 0.7626953125 0.0322265625 0.1162109375
3 0.66015625 0.783203125 0.033203125 0.080078125
1 0.43359375 0.4912109375 0.0888671875 0.154296875
1 0.2158203125 0.4423828125 0.07421875 0.0849609375
1 0.1103515625 0.36328125 0.1220703125 0.13671875
1 0.6962890625 0.6962890625 0.0234375 0.0322265625
1 0.666015625 0.7265625 0.0205078125 0.0361328125