4 0.486328125 0.5927734375 0.087890625 0.228515625
4 0.666015625 0.6181640625 0.126953125 0.216796875
4 0.068359375 0.7001953125 0.1357421875 0.3251953125
2 0.482421875 0.6806640625 0.1064453125 0.548828125
2 0.064453125 0.7060546875 0.1279296875 0.5751953125
2 0.671875 0.69921875 0.15625 0.6015625
2 0.140625 0.685546875 0.1376953125 0.515625
3 0.1123046875 0.630859375 0.0712890625 0.2109375
0 0.6748046875 0.431640625 0.07421875 0.0537109375
0 0.494140625 0.4326171875 0.0478515625 0.0576171875
0 0.115234375 0.458984375 0.07421875 0.0615234375
0 0.04296875 0.4658203125 0.0849609375 0.0849609375