4 0.3828125 0.287109375 0.1201171875 0.1806640625
4 0.119140625 0.3134765625 0.1171875 0.2451171875
4 0.91015625 0.3671875 0.1044921875 0.3115234375
4 0.7021484375 0.7265625 0.134765625 0.3583984375
2 0.8828125 0.4287109375 0.1982421875 0.63671875
2 0.7294921875 0.671875 0.1982421875 0.638671875
2 0.36328125 0.2900390625 0.1748046875 0.19921875
2 0.11328125 0.2880859375 0.130859375 0.3056640625
2 0.1123046875 0.3564453125 0.1318359375 0.4453125
0 0.912109375 0.1474609375 0.0654296875 0.07421875
0 0.6630859375 0.44921875 0.0380859375 0.09765625
0 0.298828125 0.23828125 0.048828125 0.087890625
0 0.06640625 0.1865234375 0.0400390625 0.09765625