4 0.318359375 0.490234375 0.0673828125 0.1259765625
4 0.431640625 0.48828125 0.0498046875 0.107421875
4 0.4990234375 0.322265625 0.0888671875 0.205078125
4 0.248046875 0.2783203125 0.1181640625 0.234375
2 0.4931640625 0.4619140625 0.1259765625 0.6025390625
2 0.236328125 0.4326171875 0.1435546875 0.6884765625
2 0.431640625 0.56640625 0.060546875 0.35546875
2 0.330078125 0.5634765625 0.072265625 0.369140625
2 0.3701171875 0.5625 0.0439453125 0.2626953125
0 0.4228515625 0.4052734375 0.021484375 0.03125
0 0.4921875 0.1806640625 0.0390625 0.0439453125
0 0.2646484375 0.1181640625 0.0498046875 0.0634765625
0 0.3349609375 0.404296875 0.0322265625 0.048828125