3 0.73046875 0.5 0.072265625 0.1240234375
3 0.95703125 0.5146484375 0.0859375 0.189453125
3 0.6640625 0.5537109375 0.0576171875 0.1748046875
3 0.2001953125 0.5537109375 0.12890625 0.1640625
4 0.400390625 0.5693359375 0.1572265625 0.18359375
3 0.5859375 0.5703125 0.095703125 0.208984375
3 0.875 0.5888671875 0.1103515625 0.2177734375
2 0.197265625 0.646484375 0.1396484375 0.5390625
2 0.3916015625 0.6806640625 0.17578125 0.607421875
2 0.8779296875 0.6767578125 0.1142578125 0.626953125
2 0.58984375 0.64453125 0.10546875 0.5283203125
2 0.7255859375 0.5576171875 0.0830078125 0.373046875
2 0.66015625 0.6171875 0.095703125 0.44921875
2 0.9541015625 0.662109375 0.0908203125 0.669921875
0 0.9580078125 0.3583984375 0.0498046875 0.0498046875
0 0.857421875 0.39453125 0.0693359375 0.0576171875
0 0.716796875 0.392578125 0.0380859375 0.03515625
0 0.3974609375 0.408203125 0.05859375 0.0556640625
0 0.203125 0.40625 0.0537109375 0.052734375
0 0.58984375 0.4052734375 0.05859375 0.0478515625
0 0.6357421875 0.4111328125 0.0439453125 0.0400390625