3 0.578125 0.5341796875 0.0849609375 0.1396484375
3 0.490234375 0.5537109375 0.0673828125 0.16015625
3 0.6572265625 0.5546875 0.0732421875 0.1259765625
3 0.7451171875 0.55859375 0.080078125 0.150390625
3 0.140625 0.5615234375 0.0986328125 0.2353515625
3 0.4013671875 0.5625 0.0712890625 0.130859375
3 0.3095703125 0.5732421875 0.0703125 0.1474609375
3 0.2333984375 0.5859375 0.0849609375 0.197265625
3 0.845703125 0.5927734375 0.1123046875 0.2001953125
2 0.8447265625 0.6513671875 0.1171875 0.4541015625
2 0.578125 0.5869140625 0.0859375 0.3486328125
2 0.48046875 0.58203125 0.087890625 0.328125
2 0.65625 0.607421875 0.07421875 0.345703125
2 0.4013671875 0.587890625 0.07421875 0.294921875
2 0.228515625 0.62890625 0.08984375 0.4140625
2 0.7333984375 0.6171875 0.09375 0.3984375
2 0.1416015625 0.6455078125 0.11328125 0.5791015625
2 0.318359375 0.6162109375 0.09765625 0.3740234375
2 0.3515625 0.5908203125 0.048828125 0.326171875
0 0.83984375 0.451171875 0.048828125 0.048828125
0 0.7373046875 0.439453125 0.048828125 0.0419921875
0 0.646484375 0.451171875 0.0361328125 0.037109375
0 0.580078125 0.4296875 0.0302734375 0.03125
0 0.486328125 0.43359375 0.0302734375 0.029296875
0 0.4072265625 0.455078125 0.0283203125 0.029296875
0 0.3125 0.4521484375 0.0341796875 0.037109375
0 0.236328125 0.443359375 0.041015625 0.0419921875
0 0.1640625 0.38671875 0.0615234375 0.0576171875