3 0.6025390625 0.4853515625 0.06640625 0.1181640625
3 0.515625 0.494140625 0.087890625 0.1826171875
3 0.39453125 0.5107421875 0.087890625 0.1552734375
3 0.8310546875 0.5205078125 0.09375 0.1796875
3 0.6826171875 0.541015625 0.091796875 0.16796875
3 0.27734375 0.5498046875 0.0556640625 0.177734375
3 0.2109375 0.568359375 0.1044921875 0.294921875
3 0.943359375 0.6171875 0.11328125 0.4013671875
2 0.2109375 0.6572265625 0.138671875 0.677734375
2 0.9287109375 0.6328125 0.140625 0.7138671875
2 0.60546875 0.578125 0.0859375 0.4677734375
2 0.3876953125 0.6044921875 0.11328125 0.5
2 0.5107421875 0.591796875 0.130859375 0.5732421875
2 0.822265625 0.6572265625 0.140625 0.662109375
2 0.6953125 0.626953125 0.125 0.541015625
2 0.2763671875 0.603515625 0.0712890625 0.48828125
0 0.9794921875 0.3115234375 0.0400390625 0.080078125
0 0.66796875 0.38671875 0.0537109375 0.056640625
0 0.591796875 0.365234375 0.0341796875 0.0439453125
0 0.5068359375 0.3310546875 0.0458984375 0.0439453125
0 0.2666015625 0.3857421875 0.0419921875 0.0556640625
0 0.2177734375 0.353515625 0.0693359375 0.0703125
1 0.38671875 0.3798828125 0.033203125 0.0498046875
1 0.8203125 0.3779296875 0.0615234375 0.1005859375