3 0.6923828125 0.43359375 0.0986328125 0.3037109375
3 0.8193359375 0.4853515625 0.2138671875 0.3935546875
3 0.396484375 0.5244140625 0.1357421875 0.357421875
3 0.205078125 0.552734375 0.205078125 0.48046875
2 0.822265625 0.5615234375 0.2099609375 0.87109375
2 0.2265625 0.5498046875 0.251953125 0.8828125
2 0.3916015625 0.609375 0.1376953125 0.765625
2 0.701171875 0.48046875 0.1279296875 0.6220703125
0 0.705078125 0.2060546875 0.0703125 0.0693359375
0 0.4033203125 0.2685546875 0.08203125 0.0771484375
0 0.181640625 0.1748046875 0.138671875 0.119140625
0 0.7958984375 0.185546875 0.11328125 0.109375