3 0.640625 0.5751953125 0.228515625 0.4501953125
3 0.44140625 0.587890625 0.2470703125 0.5302734375
4 0.1962890625 0.6123046875 0.2314453125 0.4453125
3 0.8662109375 0.64453125 0.263671875 0.3798828125
2 0.19921875 0.5810546875 0.236328125 0.8203125
2 0.4345703125 0.55859375 0.224609375 0.8623046875
2 0.857421875 0.62890625 0.2783203125 0.724609375
2 0.6396484375 0.5751953125 0.2236328125 0.83203125
0 0.26171875 0.23828125 0.115234375 0.1279296875
0 0.6396484375 0.2138671875 0.091796875 0.1025390625
0 0.470703125 0.1826171875 0.0986328125 0.10546875
0 0.8369140625 0.32421875 0.099609375 0.111328125