4 0.0908203125 0.6083984375 0.126953125 0.2998046875
4 0.1650390625 0.5849609375 0.109375 0.25
2 0.35546875 0.6552734375 0.130859375 0.673828125
2 0.1064453125 0.6552734375 0.16015625 0.681640625
2 0.638671875 0.6162109375 0.0380859375 0.19140625
2 0.1728515625 0.6787109375 0.0927734375 0.6376953125
3 0.353515625 0.5703125 0.1064453125 0.220703125
3 0.6328125 0.5751953125 0.0244140625 0.0615234375
1 0.3486328125 0.3896484375 0.0546875 0.140625
1 0.1572265625 0.412109375 0.037109375 0.0869140625
1 0.1044921875 0.3720703125 0.07421875 0.1240234375
1 0.6357421875 0.5361328125 0.0224609375 0.03125