3 0.767578125 0.5634765625 0.146484375 0.3876953125
3 0.64453125 0.5888671875 0.1767578125 0.3740234375
3 0.203125 0.701171875 0.296875 0.5283203125
3 0.458984375 0.7568359375 0.220703125 0.4482421875
3 0.474609375 0.16796875 0.0830078125 0.21484375
3 0.845703125 0.1826171875 0.125 0.3037109375
2 0.203125 0.52734375 0.2939453125 0.9208984375
2 0.458984375 0.623046875 0.220703125 0.73828125
2 0.642578125 0.5703125 0.1875 0.84375
2 0.837890625 0.2138671875 0.142578125 0.41796875
2 0.767578125 0.5673828125 0.150390625 0.833984375
2 0.47265625 0.150390625 0.0908203125 0.2919921875
0 0.1845703125 0.21875 0.2275390625 0.2998046875
0 0.4560546875 0.3828125 0.1923828125 0.2578125
0 0.640625 0.232421875 0.1767578125 0.1640625
0 0.763671875 0.23828125 0.150390625 0.169921875