4 0.515625 0.51953125 0.115234375 0.2919921875
2 0.287109375 0.7666015625 0.1455078125 0.4609375
2 0.515625 0.6318359375 0.1494140625 0.7275390625
2 0.0703125 0.673828125 0.1396484375 0.6376953125
2 0.138671875 0.5419921875 0.1044921875 0.3740234375
2 0.6298828125 0.4794921875 0.0458984375 0.21484375
2 0.2646484375 0.4423828125 0.0322265625 0.181640625
2 0.2431640625 0.4521484375 0.0283203125 0.169921875
3 0.0556640625 0.7880859375 0.111328125 0.408203125
3 0.1416015625 0.5107421875 0.0693359375 0.1513671875
2 0.177734375 0.802734375 0.123046875 0.388671875
3 0.2802734375 0.7451171875 0.0986328125 0.1591796875
3 0.1669921875 0.869140625 0.08984375 0.2158203125
3 0.263671875 0.412109375 0.0234375 0.0615234375
3 0.2421875 0.419921875 0.0166015625 0.0537109375
3 0.6298828125 0.4443359375 0.025390625 0.0732421875
1 0.6318359375 0.3896484375 0.0205078125 0.0361328125
1 0.5244140625 0.3203125 0.0546875 0.0947265625
1 0.2724609375 0.599609375 0.0673828125 0.1279296875
1 0.1396484375 0.396484375 0.0556640625 0.08203125
1 0.16796875 0.69140625 0.076171875 0.15625
1 0.2578125 0.3623046875 0.0166015625 0.0244140625
1 0.24609375 0.37890625 0.013671875 0.021484375