3 0.650390625 0.451171875 0.044921875 0.10546875
3 0.841796875 0.4560546875 0.0830078125 0.2509765625
2 0.8251953125 0.56640625 0.13671875 0.7021484375
2 0.646484375 0.494140625 0.0654296875 0.310546875
2 0.3095703125 0.5 0.1064453125 0.451171875
2 0.3916015625 0.4853515625 0.0869140625 0.4365234375
2 0.529296875 0.4873046875 0.068359375 0.3681640625
2 0.4609375 0.48828125 0.0751953125 0.4013671875
2 0.5791015625 0.4912109375 0.0595703125 0.3310546875
3 0.5849609375 0.43359375 0.0419921875 0.109375
3 0.529296875 0.431640625 0.0576171875 0.1240234375
3 0.46484375 0.4296875 0.0576171875 0.1455078125
3 0.3935546875 0.4169921875 0.0703125 0.1484375
3 0.3076171875 0.4384765625 0.091796875 0.1591796875
0 0.837890625 0.25 0.0673828125 0.072265625
0 0.6572265625 0.35546875 0.0283203125 0.03125
0 0.5908203125 0.33984375 0.029296875 0.02734375
0 0.541015625 0.3193359375 0.0302734375 0.03125
0 0.470703125 0.306640625 0.033203125 0.03515625
0 0.400390625 0.2841796875 0.0380859375 0.037109375
0 0.318359375 0.2939453125 0.0390625 0.0419921875