3 0.7705078125 0.5126953125 0.078125 0.283203125
3 0.20703125 0.515625 0.1728515625 0.3544921875
3 0.8681640625 0.5224609375 0.080078125 0.2412109375
3 0.6455078125 0.6015625 0.1650390625 0.3759765625
3 0.4345703125 0.6279296875 0.2119140625 0.4755859375
2 0.4287109375 0.58984375 0.2314453125 0.8017578125
2 0.203125 0.591796875 0.1845703125 0.798828125
2 0.62109375 0.6396484375 0.2314453125 0.708984375
2 0.857421875 0.6064453125 0.111328125 0.68359375
2 0.779296875 0.59765625 0.1416015625 0.7734375
2 0.6806640625 0.3701171875 0.078125 0.1630859375
0 0.8603515625 0.298828125 0.076171875 0.0634765625
0 0.751953125 0.251953125 0.0849609375 0.080078125
0 0.6201171875 0.3349609375 0.072265625 0.083984375
0 0.4306640625 0.24609375 0.1171875 0.119140625
0 0.240234375 0.2412109375 0.1044921875 0.0966796875
1 0.644713333984375 0.3007044921875 0.660143333984375 0.338770685546875 0.670878333984375 0.34162411328125 0.68765 0.350189125 0.691675 0.323543734375 0.684966666015625 0.294995271484375 0.670878333984375 0.287382978515625 0.646055 0.2856099296875 0.644713333984375 0.3007044921875