4 0.2822265625 0.3857421875 0.060546875 0.158203125
4 0.4287109375 0.400390625 0.0771484375 0.1552734375
2 0.603515625 0.5087890625 0.076171875 0.349609375
2 0.4189453125 0.4892578125 0.09765625 0.47265625
2 0.294921875 0.4765625 0.0810546875 0.4892578125
2 0.34375 0.4658203125 0.0595703125 0.3134765625
2 0.4775390625 0.50390625 0.05078125 0.3359375
1 0.603515625 0.3603515625 0.03125 0.0556640625
1 0.42578125 0.279296875 0.0380859375 0.05078125
1 0.4755859375 0.3564453125 0.0234375 0.04296875
1 0.29296875 0.2705078125 0.0361328125 0.0693359375
1 0.3447265625 0.33203125 0.0224609375 0.04296875
3 0.3427734375 0.4150390625 0.044921875 0.1044921875
3 0.6064453125 0.455078125 0.0576171875 0.12109375