3 0.5947265625 0.36328125 0.0390625 0.091796875
3 0.298828125 0.4443359375 0.1123046875 0.169921875
3 0.7841796875 0.455078125 0.0751953125 0.177734375
3 0.5234375 0.462890625 0.1181640625 0.1943359375
3 0.1015625 0.541015625 0.1318359375 0.22265625
2 0.5107421875 0.4951171875 0.146484375 0.4677734375
2 0.31640625 0.505859375 0.162109375 0.4755859375
2 0.7548828125 0.48828125 0.1513671875 0.392578125
2 0.1162109375 0.595703125 0.1640625 0.4658203125
2 0.5966796875 0.3759765625 0.044921875 0.1962890625
1 0.7783203125 0.3203125 0.0498046875 0.056640625
0 0.2861328125 0.3017578125 0.0634765625 0.0703125
1 0.091796875 0.3984375 0.052734375 0.06640625
0 0.5224609375 0.2900390625 0.05859375 0.05078125
1 0.6025390625 0.2900390625 0.0224609375 0.021484375