4 0.3330078125 0.681640625 0.2275390625 0.630859375
4 0.5400390625 0.568359375 0.216796875 0.6259765625
2 0.3173828125 0.546875 0.326171875 0.884765625
2 0.5712890625 0.4951171875 0.3466796875 0.9873046875
2 0.244140625 0.3310546875 0.0478515625 0.154296875
2 0.216796875 0.3076171875 0.0341796875 0.1513671875
3 0.2451171875 0.3203125 0.03515625 0.06640625
3 0.2158203125 0.28125 0.0224609375 0.056640625
0 0.515625 0.1279296875 0.19140625 0.240234375
0 0.35546875 0.2431640625 0.2041015625 0.2763671875
1 0.25 0.2705078125 0.025390625 0.0390625
1 0.2177734375 0.244140625 0.0166015625 0.029296875