3 0.3779296875 0.5048828125 0.1162109375 0.3896484375
3 0.5068359375 0.5078125 0.1533203125 0.349609375
3 0.626953125 0.53515625 0.1630859375 0.4599609375
3 0.2783203125 0.5390625 0.1630859375 0.3828125
3 0.7509765625 0.57421875 0.1279296875 0.357421875
2 0.498046875 0.607421875 0.16796875 0.76953125
2 0.6279296875 0.5908203125 0.15625 0.802734375
2 0.2822265625 0.599609375 0.1650390625 0.7802734375
2 0.7392578125 0.638671875 0.138671875 0.70703125
2 0.3798828125 0.5888671875 0.1103515625 0.8076171875
1 0.7275390625 0.322265625 0.0576171875 0.068359375
1 0.6201171875 0.244140625 0.07421875 0.0966796875
1 0.3623046875 0.2275390625 0.0673828125 0.0830078125
1 0.5078125 0.259765625 0.0576171875 0.0625
1 0.28125 0.2763671875 0.0771484375 0.1337890625