3 0.2138671875 0.494140625 0.0849609375 0.2158203125
3 0.4208984375 0.49609375 0.0986328125 0.17578125
3 0.7802734375 0.5029296875 0.0966796875 0.193359375
3 0.5986328125 0.5390625 0.1630859375 0.2255859375
2 0.599609375 0.6123046875 0.1513671875 0.55859375
2 0.779296875 0.5810546875 0.09375 0.5087890625
2 0.4248046875 0.5673828125 0.1103515625 0.4560546875
2 0.216796875 0.578125 0.0849609375 0.5234375
0 0.7783203125 0.353515625 0.05078125 0.052734375
0 0.60546875 0.3671875 0.0517578125 0.0634765625
0 0.4248046875 0.365234375 0.037109375 0.0458984375
0 0.2197265625 0.3427734375 0.048828125 0.0537109375