4 0.55859375 0.5087890625 0.048828125 0.1123046875
4 0.6142578125 0.525390625 0.0439453125 0.1123046875
2 0.4912109375 0.9033203125 0.1630859375 0.1904296875
2 0.615234375 0.9189453125 0.0966796875 0.16015625
2 0.767578125 0.873046875 0.0849609375 0.25
2 0.7333984375 0.5673828125 0.068359375 0.287109375
2 0.6923828125 0.94140625 0.0771484375 0.115234375
2 0.412109375 0.5400390625 0.060546875 0.306640625
2 0.609375 0.568359375 0.05859375 0.2822265625
2 0.5615234375 0.5615234375 0.064453125 0.296875
2 0.5107421875 0.72265625 0.0654296875 0.20703125
3 0.412109375 0.4892578125 0.052734375 0.111328125
3 0.5126953125 0.7265625 0.046875 0.1103515625
3 0.7822265625 0.8798828125 0.0537109375 0.13671875
2 0.369140625 0.9091796875 0.107421875 0.177734375
3 0.37109375 0.9619140625 0.087890625 0.0576171875
3 0.49609375 0.962890625 0.142578125 0.0615234375
3 0.6171875 0.9765625 0.083984375 0.0390625
3 0.7353515625 0.5234375 0.052734375 0.095703125
3 0.693359375 0.9755859375 0.0625 0.04296875
1 0.7841796875 0.7783203125 0.0283203125 0.0634765625
1 0.619140625 0.8916015625 0.0517578125 0.1025390625
1 0.5234375 0.8662109375 0.07421875 0.11328125
1 0.5107421875 0.6474609375 0.02734375 0.052734375
1 0.4111328125 0.40234375 0.0205078125 0.0244140625
1 0.3837890625 0.8515625 0.0595703125 0.0693359375
1 0.5595703125 0.4365234375 0.021484375 0.0478515625
1 0.603515625 0.4482421875 0.0205078125 0.0517578125
1 0.7275390625 0.4521484375 0.025390625 0.052734375
1 0.677734375 0.9326171875 0.0458984375 0.0947265625