3 0.5107421875 0.375 0.1748046875 0.29296875
3 0.8544921875 0.68359375 0.2890625 0.6083984375
3 0.1572265625 0.73046875 0.3095703125 0.5244140625
2 0.15625 0.537109375 0.3017578125 0.9033203125
2 0.4248046875 0.50390625 0.53125 0.9853515625
2 0.83203125 0.49609375 0.3359375 0.98828125
2 0.48828125 0.2685546875 0.2021484375 0.509765625
0 0.8291015625 0.09765625 0.3037109375 0.1953125
0 0.1474609375 0.2216796875 0.2900390625 0.263671875
0 0.4814453125 0.0986328125 0.15234375 0.1630859375
3 0.220833333984375 0.48811013671875 0.206666666015625 0.51939925 0.191666666015625 0.54192741015625 0.185833333984375 0.575719650390625 0.199166666015625 0.62202753515625 0.27 0.798498123046875 0.296666666015625 0.90237797265625 0.3425 0.891113892578125 0.343333333984375 0.856070087890625 0.323333333984375 0.78222778515625 0.319166666015625 0.7346683359375 0.3375 0.605757197265625 0.348333333984375 0.56195244140625 0.36 0.550688361328125 0.454166666015625 0.635794744140625 0.525 0.69211514453125 0.574166666015625 0.733416771484375 0.59 0.73717146484375 0.608333333984375 0.683354193359375 0.539166666015625 0.599499375 0.399166666015625 0.436795994140625 0.360833333984375 0.3654568203125 0.2825 0.316645806640625 0.261666666015625 0.329161451171875 0.254166666015625 0.38297872265625 0.253333333984375 0.42302878515625 0.253333333984375 0.46057571875 0.220833333984375 0.48811013671875
0 0.2294921875 0.0908203125 0.1357421875 0.1318359375