3 0.458984375 0.4853515625 0.1064453125 0.138671875
3 0.205078125 0.4921875 0.09375 0.1728515625
3 0.6708984375 0.4990234375 0.09765625 0.17578125
3 0.876953125 0.5048828125 0.169921875 0.2109375
2 0.87890625 0.630859375 0.2138671875 0.708984375
2 0.201171875 0.5517578125 0.1064453125 0.4189453125
2 0.658203125 0.5615234375 0.1240234375 0.458984375
2 0.451171875 0.5615234375 0.1162109375 0.4189453125
2 0.7275390625 0.51953125 0.080078125 0.3681640625
3 0.7255859375 0.4736328125 0.064453125 0.1552734375
2 0.9755859375 0.568359375 0.0478515625 0.40234375
3 0.9765625 0.521484375 0.04296875 0.2314453125
0 0.875 0.3330078125 0.0703125 0.1064453125
0 0.7353515625 0.3603515625 0.0390625 0.0556640625
0 0.66015625 0.373046875 0.048828125 0.076171875
0 0.4560546875 0.3916015625 0.0419921875 0.0712890625
0 0.1953125 0.3779296875 0.0556640625 0.072265625