4 0.4521484375 0.513671875 0.1142578125 0.2373046875
4 0.52734375 0.5224609375 0.056640625 0.177734375
2 0.4521484375 0.609375 0.111328125 0.607421875
2 0.3583984375 0.623046875 0.0888671875 0.537109375
2 0.525390625 0.6015625 0.0751953125 0.49609375
2 0.138671875 0.544921875 0.0205078125 0.099609375
2 0.1552734375 0.541015625 0.021484375 0.10546875
1 0.5185546875 0.392578125 0.03515625 0.0791015625
1 0.4462890625 0.353515625 0.0361328125 0.087890625
1 0.359375 0.392578125 0.037109375 0.0654296875
3 0.357421875 0.5263671875 0.0615234375 0.1513671875
3 0.1552734375 0.51953125 0.013671875 0.0361328125
3 0.138671875 0.5234375 0.0126953125 0.0234375
1 0.150390625 0.494140625 0.0078125 0.0126953125
1 0.13671875 0.5029296875 0.0087890625 0.0126953125