4 0.4345703125 0.47265625 0.0791015625 0.158203125
4 0.57421875 0.42578125 0.0927734375 0.162109375
4 0.71484375 0.388671875 0.0732421875 0.1640625
4 0.82421875 0.349609375 0.1005859375 0.16796875
2 0.720703125 0.4501953125 0.091796875 0.3984375
2 0.828125 0.41015625 0.103515625 0.40234375
2 0.57421875 0.4912109375 0.095703125 0.3955078125
2 0.4443359375 0.5283203125 0.083984375 0.3857421875
1 0.8037109375 0.2431640625 0.02734375 0.0712890625
1 0.703125 0.28125 0.0283203125 0.0625
1 0.5576171875 0.322265625 0.0341796875 0.0654296875
1 0.42578125 0.3662109375 0.025390625 0.060546875