3 0.091796875 0.33203125 0.072265625 0.1328125
3 0.205078125 0.33984375 0.0615234375 0.1357421875
3 0.689453125 0.25390625 0.07421875 0.115234375
3 0.5986328125 0.2568359375 0.0859375 0.1572265625
3 0.8037109375 0.259765625 0.072265625 0.1689453125
3 0.419921875 0.2734375 0.076171875 0.1787109375
3 0.5009765625 0.275390625 0.0859375 0.1748046875
2 0.4287109375 0.35546875 0.09765625 0.458984375
2 0.4951171875 0.33984375 0.1015625 0.42578125
2 0.787109375 0.3427734375 0.1103515625 0.4716796875
2 0.5947265625 0.328125 0.103515625 0.44140625
2 0.087890625 0.380859375 0.0703125 0.326171875
2 0.685546875 0.337890625 0.099609375 0.4052734375
2 0.205078125 0.3896484375 0.0595703125 0.3203125
0 0.6005859375 0.1328125 0.03515625 0.048828125
1 0.7998046875 0.1435546875 0.044921875 0.0673828125
1 0.6708984375 0.166015625 0.0380859375 0.060546875
1 0.5009765625 0.162109375 0.03125 0.064453125
1 0.427734375 0.158203125 0.041015625 0.0693359375
1 0.201171875 0.2470703125 0.029296875 0.0361328125
1 0.1025390625 0.236328125 0.03125 0.0361328125