4 0.5439453125 0.4755859375 0.1884765625 0.384765625
4 0.3466796875 0.505859375 0.1640625 0.4697265625
4 0.73046875 0.5458984375 0.1640625 0.375
2 0.2744140625 0.5595703125 0.36328125 0.8544921875
2 0.5537109375 0.564453125 0.23046875 0.8427734375
2 0.75390625 0.59765625 0.224609375 0.77734375
2 0.9638671875 0.4619140625 0.072265625 0.396484375
2 0.8583984375 0.4140625 0.07421875 0.1787109375
0 0.6943359375 0.259765625 0.11328125 0.0888671875
0 0.5419921875 0.19921875 0.078125 0.125
0 0.3916015625 0.193359375 0.1201171875 0.1181640625
0 0.8515625 0.345703125 0.03515625 0.0390625
4 0.9716796875 0.3642578125 0.0556640625 0.1953125