4 0.29296875 0.400390625 0.05859375 0.1982421875
2 0.845703125 0.5927734375 0.099609375 0.37109375
2 0.212890625 0.4921875 0.1845703125 0.7373046875
2 0.0634765625 0.537109375 0.123046875 0.5029296875
2 0.76171875 0.6396484375 0.0771484375 0.2431640625
2 0.27734375 0.484375 0.10546875 0.537109375
2 0.9873046875 0.630859375 0.0244140625 0.18359375
1 0.0380859375 0.3369140625 0.041015625 0.0791015625
1 0.2001953125 0.171875 0.05859375 0.09765625
1 0.2744140625 0.263671875 0.0517578125 0.0869140625
1 0.830078125 0.4541015625 0.0341796875 0.0869140625
1 0.75390625 0.5400390625 0.0341796875 0.0390625
3 0.8408203125 0.5634765625 0.0625 0.15625
3 0.18359375 0.341796875 0.0615234375 0.197265625
3 0.0390625 0.470703125 0.0712890625 0.197265625
3 0.7587890625 0.6103515625 0.0478515625 0.08203125