3 0.5751953125 0.396484375 0.1279296875 0.169921875
3 0.1533203125 0.4208984375 0.0927734375 0.0888671875
3 0.2451171875 0.4482421875 0.07421875 0.1162109375
3 0.4111328125 0.486328125 0.1044921875 0.109375
2 0.267578125 0.48046875 0.13671875 0.3095703125
2 0.1416015625 0.451171875 0.12109375 0.2958984375
2 0.5771484375 0.541015625 0.13671875 0.74609375
2 0.4091796875 0.52734375 0.115234375 0.3271484375
0 0.5625 0.220703125 0.064453125 0.0927734375
0 0.423828125 0.4052734375 0.037109375 0.0810546875
0 0.251953125 0.3603515625 0.037109375 0.0595703125
0 0.146484375 0.3349609375 0.0361328125 0.064453125