4 0.7021484375 0.548828125 0.0703125 0.189453125
4 0.35546875 0.5625 0.0810546875 0.2060546875
4 0.4921875 0.57421875 0.0869140625 0.181640625
4 0.6240234375 0.58203125 0.05078125 0.1572265625
2 0.697265625 0.619140625 0.119140625 0.4775390625
2 0.490234375 0.63671875 0.146484375 0.4951171875
2 0.345703125 0.6259765625 0.140625 0.486328125
2 0.625 0.6357421875 0.0810546875 0.4140625
2 0.552734375 0.6455078125 0.0458984375 0.314453125
2 0.291015625 0.65234375 0.0712890625 0.37109375
2 0.58984375 0.650390625 0.0546875 0.3642578125
0 0.357421875 0.3994140625 0.0390625 0.04296875
0 0.490234375 0.4111328125 0.041015625 0.044921875
0 0.701171875 0.404296875 0.0400390625 0.046875
0 0.3037109375 0.470703125 0.0283203125 0.033203125
0 0.560546875 0.5048828125 0.025390625 0.0283203125
0 0.599609375 0.4677734375 0.0341796875 0.03515625
0 0.6435546875 0.4560546875 0.033203125 0.0390625