4 0.2216796875 0.7822265625 0.14453125 0.375
4 0.314453125 0.650390625 0.107421875 0.2177734375
4 0.5791015625 0.8291015625 0.1884765625 0.3388671875
4 0.67578125 0.7509765625 0.052734375 0.205078125
2 0.56640625 0.71875 0.21875 0.552734375
2 0.31640625 0.703125 0.138671875 0.5751953125
2 0.2109375 0.720703125 0.123046875 0.548828125
2 0.6708984375 0.78125 0.078125 0.4208984375
0 0.30078125 0.47265625 0.056640625 0.1171875
0 0.19140625 0.517578125 0.0810546875 0.146484375
0 0.5595703125 0.546875 0.1171875 0.197265625
0 0.6640625 0.6103515625 0.0380859375 0.07421875