3 0.37109375 0.900390625 0.1982421875 0.1982421875
3 0.8427734375 0.91796875 0.14453125 0.1630859375
3 0.1572265625 0.9208984375 0.1298828125 0.1533203125
2 0.3720703125 0.865234375 0.234375 0.2685546875
2 0.15234375 0.8896484375 0.125 0.2197265625
2 0.8466796875 0.87890625 0.134765625 0.2412109375
2 0.751953125 0.888671875 0.091796875 0.22265625
2 0.556640625 0.4375 0.0498046875 0.119140625
3 0.7490234375 0.9072265625 0.072265625 0.1630859375
3 0.55859375 0.4091796875 0.041015625 0.0380859375
0 0.376953125 0.759765625 0.0712890625 0.0625
0 0.1591796875 0.8056640625 0.068359375 0.0498046875
0 0.7353515625 0.7939453125 0.0537109375 0.03515625
0 0.8193359375 0.7841796875 0.0703125 0.0537109375
0 0.5615234375 0.3857421875 0.0205078125 0.015625