3 0.716796875 0.2880859375 0.19140625 0.142578125
3 0.390625 0.3056640625 0.142578125 0.283203125
3 0.208984375 0.3203125 0.2080078125 0.2646484375
3 0.5908203125 0.416015625 0.216796875 0.3037109375
2 0.1806640625 0.498046875 0.3134765625 0.888671875
2 0.732421875 0.51953125 0.2587890625 0.939453125
2 0.404296875 0.4873046875 0.19921875 0.9541015625
2 0.564453125 0.5205078125 0.3046875 0.884765625
0 0.224609375 0.125 0.11328125 0.150390625
0 0.36328125 0.0849609375 0.1083984375 0.1552734375
0 0.521484375 0.134765625 0.1220703125 0.09375
0 0.65625 0.10546875 0.0966796875 0.0927734375