4 0.671875 0.498046875 0.08984375 0.1591796875
4 0.783203125 0.5 0.0537109375 0.1875
4 0.4677734375 0.5595703125 0.1064453125 0.25
4 0.9033203125 0.5654296875 0.16015625 0.349609375
4 0.587890625 0.630859375 0.1083984375 0.318359375
4 0.1376953125 0.6484375 0.19140625 0.322265625
2 0.892578125 0.6298828125 0.212890625 0.724609375
2 0.4677734375 0.6376953125 0.126953125 0.603515625
2 0.767578125 0.572265625 0.12109375 0.474609375
2 0.5849609375 0.6904296875 0.1396484375 0.603515625
2 0.13671875 0.677734375 0.25390625 0.6123046875
2 0.673828125 0.5625 0.091796875 0.421875
1 0.115234375 0.431640625 0.0791015625 0.09765625
1 0.4609375 0.3837890625 0.048828125 0.08984375
1 0.900390625 0.32421875 0.078125 0.1171875
1 0.66796875 0.38671875 0.04296875 0.0751953125
1 0.580078125 0.42578125 0.0556640625 0.0791015625
0 0.76953125 0.3623046875 0.0458984375 0.0400390625