4 0.498046875 0.603515625 0.037109375 0.1181640625
4 0.529296875 0.58984375 0.0390625 0.109375
2 0.0380859375 0.7607421875 0.076171875 0.470703125
2 0.51171875 0.6708984375 0.0732421875 0.3544921875
2 0.4423828125 0.609375 0.04296875 0.2236328125
2 0.376953125 0.607421875 0.041015625 0.2197265625
2 0.3271484375 0.6162109375 0.0419921875 0.2099609375
2 0.1826171875 0.5849609375 0.03125 0.150390625
2 0.2578125 0.607421875 0.033203125 0.177734375
2 0.962890625 0.5830078125 0.0390625 0.1513671875
3 0.03125 0.7255859375 0.0625 0.224609375
3 0.9619140625 0.5595703125 0.02734375 0.0556640625
3 0.4423828125 0.5830078125 0.033203125 0.08984375
3 0.376953125 0.5771484375 0.0341796875 0.083984375
3 0.326171875 0.578125 0.03125 0.08203125
3 0.2578125 0.578125 0.025390625 0.0625
3 0.18359375 0.556640625 0.02734375 0.041015625
1 0.9609375 0.51953125 0.0126953125 0.02734375
1 0.0205078125 0.5693359375 0.041015625 0.078125
1 0.1826171875 0.5205078125 0.009765625 0.0283203125
1 0.2587890625 0.5283203125 0.01171875 0.02734375
1 0.3291015625 0.5205078125 0.013671875 0.029296875
1 0.3740234375 0.5166015625 0.017578125 0.0263671875
1 0.4423828125 0.515625 0.0146484375 0.0341796875
0 0.4970703125 0.5224609375 0.037109375 0.052734375