4 0.759765625 0.666015625 0.4794921875 0.6669921875
4 0.1015625 0.642578125 0.080078125 0.3544921875
4 0.3837890625 0.708984375 0.2685546875 0.5810546875
4 0.1708984375 0.6962890625 0.1201171875 0.4326171875
4 0.2451171875 0.7119140625 0.095703125 0.576171875
2 0.7578125 0.5009765625 0.484375 0.998046875
2 0.4033203125 0.595703125 0.2265625 0.80859375
2 0.2626953125 0.6591796875 0.1064453125 0.6806640625
2 0.169921875 0.6611328125 0.0859375 0.677734375
2 0.103515625 0.6904296875 0.095703125 0.619140625
1 0.365234375 0.3271484375 0.1328125 0.2265625
1 0.677734375 0.19140625 0.19921875 0.3701171875
1 0.26953125 0.4169921875 0.1005859375 0.1767578125
1 0.1806640625 0.421875 0.0908203125 0.15234375
1 0.10546875 0.4365234375 0.0703125 0.1044921875
1 0.0595703125 0.44921875 0.0380859375 0.064453125