3 0.5478515625 0.5498046875 0.2333984375 0.3720703125
3 0.8642578125 0.5634765625 0.197265625 0.41796875
3 0.1455078125 0.5908203125 0.2294921875 0.4599609375
3 0.29296875 0.609375 0.1103515625 0.337890625
2 0.546875 0.60546875 0.22265625 0.7724609375
2 0.8681640625 0.603515625 0.1982421875 0.775390625
2 0.1513671875 0.59765625 0.2294921875 0.7841796875
2 0.2763671875 0.6533203125 0.12890625 0.6787109375
0 0.5625 0.2646484375 0.0966796875 0.08984375
0 0.166015625 0.2509765625 0.111328125 0.0927734375
0 0.2646484375 0.357421875 0.08203125 0.0751953125
0 0.8271484375 0.263671875 0.103515625 0.091796875