4 0.83984375 0.732421875 0.1748046875 0.396484375
4 0.27734375 0.556640625 0.1123046875 0.369140625
4 0.166015625 0.638671875 0.0966796875 0.3154296875
4 0.416015625 0.3876953125 0.125 0.302734375
4 0.615234375 0.365234375 0.1123046875 0.255859375
2 0.8427734375 0.630859375 0.2841796875 0.630859375
2 0.271484375 0.5771484375 0.1435546875 0.736328125
2 0.1513671875 0.634765625 0.1298828125 0.615234375
2 0.603515625 0.4755859375 0.193359375 0.7998046875
2 0.4404296875 0.4775390625 0.171875 0.8203125
1 0.8427734375 0.416015625 0.0908203125 0.19921875
1 0.615234375 0.154296875 0.068359375 0.158203125
1 0.423828125 0.142578125 0.0859375 0.166015625
1 0.26953125 0.29296875 0.0615234375 0.1689453125
1 0.169921875 0.396484375 0.0810546875 0.1376953125