3 0.53515625 0.458984375 0.0283203125 0.0986328125
3 0.6318359375 0.46484375 0.0263671875 0.0810546875
3 0.5869140625 0.55859375 0.03515625 0.091796875
3 0.6513671875 0.6494140625 0.0244140625 0.0947265625
2 0.5849609375 0.572265625 0.03515625 0.169921875
2 0.62890625 0.478515625 0.0390625 0.169921875
2 0.65234375 0.6640625 0.029296875 0.1884765625
2 0.533203125 0.4697265625 0.0322265625 0.158203125
2 0.8466796875 0.4462890625 0.044921875 0.1650390625
3 0.837890625 0.419921875 0.0234375 0.05859375
0 0.6533203125 0.5859375 0.0166015625 0.0263671875
0 0.63671875 0.4052734375 0.015625 0.0224609375
0 0.8466796875 0.3740234375 0.0126953125 0.021484375
0 0.587890625 0.5 0.013671875 0.021484375
0 0.5341796875 0.40234375 0.013671875 0.0244140625