4 0.4423828125 0.7421875 0.1103515625 0.228515625
4 0.833984375 0.7421875 0.1025390625 0.21875
4 0.13671875 0.75390625 0.1279296875 0.2392578125
4 0.2626953125 0.7626953125 0.0751953125 0.2099609375
2 0.82421875 0.7783203125 0.1513671875 0.44140625
2 0.1171875 0.767578125 0.169921875 0.462890625
2 0.6630859375 0.7763671875 0.150390625 0.4462890625
2 0.4462890625 0.763671875 0.125 0.4716796875
2 0.91015625 0.701171875 0.076171875 0.29296875
2 0.029296875 0.767578125 0.0576171875 0.462890625
2 0.544921875 0.7265625 0.0556640625 0.3017578125
2 0.2724609375 0.7685546875 0.1328125 0.4619140625
2 0.0693359375 0.634765625 0.0810546875 0.220703125
2 0.75390625 0.7197265625 0.0556640625 0.2666015625
2 0.5947265625 0.7158203125 0.052734375 0.248046875
4 0.912109375 0.642578125 0.052734375 0.1015625
4 0.7548828125 0.689453125 0.0498046875 0.1015625
4 0.6552734375 0.7802734375 0.103515625 0.2490234375
4 0.59375 0.7138671875 0.0439453125 0.1328125
4 0.5439453125 0.681640625 0.052734375 0.115234375
4 0.05859375 0.6533203125 0.0546875 0.1201171875
4 0.0224609375 0.73046875 0.044921875 0.203125
0 0.28125 0.57421875 0.0673828125 0.0732421875
0 0.1455078125 0.5654296875 0.05859375 0.04296875
0 0.458984375 0.5595703125 0.06640625 0.05859375
0 0.65625 0.5791015625 0.064453125 0.056640625
0 0.6044921875 0.60546875 0.03125 0.03125
0 0.5478515625 0.5966796875 0.02734375 0.04296875
0 0.9091796875 0.5712890625 0.0263671875 0.0302734375
0 0.8447265625 0.587890625 0.0517578125 0.046875
0 0.7587890625 0.6025390625 0.0302734375 0.029296875
0 0.0625 0.5419921875 0.048828125 0.0361328125
0 0.01953125 0.5576171875 0.037109375 0.04296875