4 0.8330078125 0.3798828125 0.0478515625 0.107421875
4 0.8974609375 0.3447265625 0.1044921875 0.23046875
2 0.736328125 0.462890625 0.185546875 0.55859375
2 0.9169921875 0.4130859375 0.138671875 0.4599609375
2 0.689453125 0.5224609375 0.1201171875 0.43359375
2 0.84765625 0.46875 0.123046875 0.3720703125
3 0.716796875 0.3203125 0.0771484375 0.2294921875
3 0.6611328125 0.4326171875 0.05078125 0.158203125
1 0.8701171875 0.21875 0.0390625 0.068359375
1 0.8212890625 0.3095703125 0.0302734375 0.0595703125
1 0.6689453125 0.2236328125 0.0458984375 0.0810546875
1 0.6484375 0.34375 0.0302734375 0.0830078125