3 0.6826171875 0.5908203125 0.158203125 0.2109375
3 0.5283203125 0.5986328125 0.15625 0.205078125
3 0.3740234375 0.6103515625 0.1484375 0.1923828125
3 0.2421875 0.62109375 0.1396484375 0.203125
3 0.0986328125 0.6279296875 0.173828125 0.2109375
3 0.919921875 0.6318359375 0.1396484375 0.197265625
3 0.8046875 0.6357421875 0.1103515625 0.2109375
2 0.6806640625 0.689453125 0.16796875 0.619140625
2 0.9208984375 0.712890625 0.154296875 0.5732421875
2 0.3759765625 0.6982421875 0.16015625 0.599609375
2 0.095703125 0.708984375 0.169921875 0.5810546875
2 0.2314453125 0.7041015625 0.1416015625 0.591796875
2 0.80078125 0.716796875 0.1171875 0.56640625
2 0.4912109375 0.6943359375 0.2197265625 0.6083984375
0 0.66796875 0.4091796875 0.0693359375 0.0625
0 0.796875 0.4677734375 0.0673828125 0.064453125
0 0.90234375 0.4609375 0.0703125 0.0654296875
0 0.244140625 0.44140625 0.0693359375 0.0654296875
0 0.53515625 0.421875 0.0615234375 0.064453125
0 0.11328125 0.44921875 0.0654296875 0.0654296875
0 0.3955078125 0.4248046875 0.0595703125 0.0595703125