4 0.4423828125 0.5732421875 0.130859375 0.1376953125
4 0.51953125 0.5791015625 0.068359375 0.119140625
2 0.7451171875 0.736328125 0.138671875 0.513671875
2 0.345703125 0.7255859375 0.1435546875 0.54296875
2 0.6484375 0.71484375 0.2236328125 0.5595703125
2 0.45703125 0.515625 0.158203125 0.275390625
3 0.349609375 0.7998046875 0.115234375 0.31640625
3 0.64453125 0.8486328125 0.18359375 0.302734375
3 0.7431640625 0.8271484375 0.111328125 0.345703125
1 0.345703125 0.5400390625 0.0693359375 0.1640625
1 0.4501953125 0.4384765625 0.0576171875 0.1201171875
1 0.6083984375 0.5859375 0.1357421875 0.29296875
1 0.7099609375 0.5693359375 0.0673828125 0.173828125