4 0.12890625 0.55859375 0.2294921875 0.56640625
4 0.3818359375 0.6103515625 0.2275390625 0.525390625
4 0.6572265625 0.6337890625 0.220703125 0.521484375
4 0.890625 0.6904296875 0.208984375 0.619140625
2 0.875 0.55078125 0.2470703125 0.8740234375
2 0.6396484375 0.5498046875 0.2724609375 0.876953125
2 0.140625 0.5234375 0.2734375 0.9345703125
2 0.3828125 0.5517578125 0.248046875 0.8740234375
0 0.8759765625 0.185546875 0.150390625 0.134765625
0 0.6611328125 0.181640625 0.12890625 0.1298828125
0 0.3857421875 0.1845703125 0.1181640625 0.1259765625
0 0.1494140625 0.109375 0.123046875 0.115234375