4 0.3681640625 0.28125 0.0888671875 0.2734375
4 0.6845703125 0.3017578125 0.1025390625 0.267578125
2 0.509765625 0.4462890625 0.130859375 0.7236328125
2 0.37890625 0.4287109375 0.11328125 0.796875
2 0.2109375 0.5078125 0.166015625 0.4375
2 0.6494140625 0.443359375 0.17578125 0.7294921875
2 0.966796875 0.5244140625 0.064453125 0.572265625
3 0.25 0.4736328125 0.072265625 0.2412109375
3 0.5087890625 0.3232421875 0.1181640625 0.2333984375
3 0.98046875 0.4541015625 0.037109375 0.234375
1 0.982421875 0.298828125 0.03515625 0.125
1 0.6591796875 0.138671875 0.05859375 0.1162109375
1 0.5029296875 0.134765625 0.04296875 0.1005859375
1 0.37890625 0.0908203125 0.0498046875 0.12109375
1 0.21484375 0.3388671875 0.052734375 0.0986328125