3 0.265625 0.2177734375 0.025390625 0.052734375
3 0.3369140625 0.22265625 0.02734375 0.0595703125
3 0.2314453125 0.2265625 0.0244140625 0.0556640625
3 0.3046875 0.23046875 0.0234375 0.0546875
3 0.375 0.2373046875 0.02734375 0.0595703125
2 0.337890625 0.23828125 0.0263671875 0.1318359375
2 0.3037109375 0.2431640625 0.0244140625 0.1279296875
2 0.267578125 0.236328125 0.029296875 0.1259765625
2 0.3759765625 0.25 0.02734375 0.1220703125
2 0.2333984375 0.2421875 0.0302734375 0.1298828125
0 0.3720703125 0.201171875 0.009765625 0.0234375
0 0.3349609375 0.1845703125 0.0087890625 0.0244140625
0 0.3037109375 0.193359375 0.009765625 0.021484375
0 0.26171875 0.177734375 0.0107421875 0.01171875
0 0.2294921875 0.1875 0.0126953125 0.0185546875