3 0.4521484375 0.41796875 0.2568359375 0.26953125
3 0.703125 0.4228515625 0.2197265625 0.2998046875
3 0.134765625 0.455078125 0.263671875 0.4365234375
3 0.2666015625 0.4599609375 0.1533203125 0.2998046875
3 0.8818359375 0.5029296875 0.2236328125 0.3603515625
2 0.865234375 0.5830078125 0.2431640625 0.8330078125
2 0.4501953125 0.58203125 0.263671875 0.796875
2 0.693359375 0.5615234375 0.2265625 0.8134765625
2 0.16015625 0.5498046875 0.283203125 0.900390625
2 0.28125 0.6083984375 0.169921875 0.783203125
0 0.8798828125 0.22265625 0.1650390625 0.107421875
1 0.6572265625 0.2158203125 0.095703125 0.1279296875
1 0.4541015625 0.248046875 0.09765625 0.1318359375
1 0.3095703125 0.2822265625 0.111328125 0.11328125
1 0.15234375 0.177734375 0.146484375 0.15234375