4 0.2412109375 0.638671875 0.234375 0.6552734375
4 0.94921875 0.650390625 0.0986328125 0.6904296875
2 0.232421875 0.53515625 0.2919921875 0.904296875
2 0.5263671875 0.5751953125 0.28125 0.8349609375
2 0.0625 0.384765625 0.109375 0.51953125
2 0.9111328125 0.4970703125 0.17578125 0.986328125
2 0.166015625 0.234375 0.095703125 0.2490234375
2 0.4365234375 0.236328125 0.025390625 0.119140625
3 0.529296875 0.6181640625 0.2412109375 0.3291015625
3 0.16015625 0.2490234375 0.0732421875 0.1513671875
3 0.0556640625 0.3173828125 0.0810546875 0.16796875
3 0.4375 0.2099609375 0.0146484375 0.037109375
1 0.55078125 0.2958984375 0.10546875 0.2705078125
1 0.16015625 0.1494140625 0.0361328125 0.0693359375
1 0.0625 0.1689453125 0.0419921875 0.0810546875
1 0.27734375 0.173828125 0.21484375 0.189453125
1 0.435546875 0.181640625 0.0107421875 0.0166015625