4 0.1591796875 0.4111328125 0.166015625 0.3955078125
4 0.34375 0.44140625 0.126953125 0.271484375
4 0.724609375 0.458984375 0.158203125 0.3671875
4 0.51953125 0.5361328125 0.1357421875 0.3251953125
4 0.9580078125 0.654296875 0.083984375 0.451171875
2 0.9267578125 0.650390625 0.1455078125 0.697265625
2 0.513671875 0.607421875 0.173828125 0.734375
2 0.34375 0.5595703125 0.15625 0.755859375
2 0.720703125 0.5517578125 0.2001953125 0.8955078125
2 0.1494140625 0.5263671875 0.224609375 0.92578125
0 0.18359375 0.1357421875 0.0712890625 0.1259765625
0 0.74609375 0.15625 0.0654296875 0.09375
0 0.5361328125 0.2958984375 0.05859375 0.1005859375
0 0.357421875 0.23828125 0.0634765625 0.12109375