4 0.6904296875 0.5234375 0.072265625 0.185546875
4 0.5625 0.572265625 0.0625 0.1591796875
4 0.3173828125 0.580078125 0.0830078125 0.2294921875
4 0.9169921875 0.662109375 0.1171875 0.298828125
4 0.447265625 0.6640625 0.1484375 0.416015625
2 0.916015625 0.7001953125 0.1669921875 0.599609375
2 0.689453125 0.60546875 0.111328125 0.5029296875
2 0.455078125 0.6416015625 0.212890625 0.7158203125
2 0.31640625 0.666015625 0.115234375 0.5576171875
2 0.5654296875 0.6103515625 0.0703125 0.361328125
0 0.6904296875 0.376953125 0.033203125 0.0458984375
0 0.3134765625 0.4228515625 0.0419921875 0.0654296875
0 0.923828125 0.4326171875 0.0556640625 0.0576171875
0 0.560546875 0.447265625 0.029296875 0.03515625
0 0.4189453125 0.4384765625 0.0234375 0.0458984375
0 0.455078125 0.369140625 0.078125 0.1611328125