4 0.4697265625 0.33203125 0.083984375 0.14453125
4 0.6884765625 0.30078125 0.05859375 0.1181640625
2 0.6923828125 0.3466796875 0.0673828125 0.3349609375
2 0.037109375 0.6142578125 0.072265625 0.1865234375
2 0.470703125 0.3681640625 0.076171875 0.337890625
2 0.79296875 0.3935546875 0.033203125 0.1376953125
2 0.3984375 0.54296875 0.224609375 0.1748046875
2 0.83203125 0.380859375 0.0283203125 0.1318359375
2 0.59765625 0.46875 0.123046875 0.1962890625
2 0.384765625 0.5068359375 0.0166015625 0.0322265625
3 0.83203125 0.3623046875 0.021484375 0.0458984375
3 0.791015625 0.3720703125 0.0185546875 0.0439453125
3 0.6083984375 0.4755859375 0.04296875 0.0771484375
3 0.457359375 0.514695833984375 0.42476875 0.55718472265625 0.4263984375 0.5736 0.44812578125 0.5909819453125 0.4497546875 0.58035972265625 0.47474140625 0.5697375 0.481803125 0.5330430546875 0.47637109375 0.513729166015625 0.457359375 0.514695833984375
3 0.0483515625 0.645811111328125 0.0660109375 0.6398319453125 0.071896875 0.637588888671875 0.062646875 0.57629722265625 0.04582890625 0.55611527734375 0.03699921875 0.5591055546875 0.02018125 0.585266666015625 0.01597734375 0.62787222265625 0.02943125 0.6360944453125 0.0483515625 0.645811111328125
1 0.015625 0.5498046875 0.029296875 0.056640625
1 0.48046875 0.4892578125 0.029296875 0.0595703125
1 0.595703125 0.4052734375 0.03125 0.068359375
1 0.470703125 0.2294921875 0.0244140625 0.0546875
1 0.689453125 0.2109375 0.0244140625 0.064453125
1 0.83203125 0.326171875 0.0126953125 0.0234375
1 0.791015625 0.3369140625 0.0107421875 0.0224609375