4 0.0361328125 0.6953125 0.072265625 0.6015625
4 0.3017578125 0.4970703125 0.1357421875 0.3115234375
4 0.51953125 0.4052734375 0.119140625 0.326171875
4 0.765625 0.5146484375 0.201171875 0.384765625
2 0.5 0.5498046875 0.1640625 0.890625
2 0.302734375 0.52734375 0.15234375 0.9306640625
2 0.044921875 0.537109375 0.087890625 0.908203125
2 0.7666015625 0.5419921875 0.244140625 0.8857421875
0 0.7646484375 0.1943359375 0.115234375 0.1845703125
0 0.494140625 0.142578125 0.0615234375 0.080078125
0 0.265625 0.2578125 0.06640625 0.1337890625
0 0.0439453125 0.173828125 0.087890625 0.1865234375