4 0.390625 0.291015625 0.0654296875 0.1640625
4 0.666015625 0.29296875 0.1162109375 0.2197265625
4 0.4716796875 0.306640625 0.078125 0.1796875
4 0.919921875 0.333984375 0.0927734375 0.345703125
4 0.130859375 0.3349609375 0.1552734375 0.29296875
2 0.669921875 0.37890625 0.140625 0.5625
2 0.8984375 0.416015625 0.1318359375 0.748046875
2 0.19921875 0.44921875 0.2998046875 0.736328125
2 0.4716796875 0.3974609375 0.1279296875 0.513671875
2 0.3876953125 0.388671875 0.099609375 0.4892578125
2 0.275390625 0.4287109375 0.14453125 0.52734375
4 0.263671875 0.3623046875 0.0625 0.251953125
0 0.1494140625 0.1162109375 0.0810546875 0.0625
0 0.2607421875 0.1904296875 0.0478515625 0.0390625
0 0.3994140625 0.162109375 0.04296875 0.0341796875
0 0.462890625 0.173828125 0.0517578125 0.07421875
0 0.923828125 0.0810546875 0.0771484375 0.08203125
0 0.6708984375 0.126953125 0.0673828125 0.0703125