4 0.7041015625 0.7412109375 0.44140625 0.498046875
4 0.2978515625 0.6376953125 0.2470703125 0.498046875
4 0.8896484375 0.7353515625 0.2177734375 0.435546875
2 0.673828125 0.5341796875 0.5888671875 0.91015625
2 0.189453125 0.5380859375 0.3779296875 0.900390625
2 0.9091796875 0.658203125 0.1806640625 0.6796875
2 0.3310546875 0.541015625 0.21484375 0.8232421875
4 0.955078125 0.783203125 0.0888671875 0.4296875
0 0.71484375 0.201171875 0.2509765625 0.2421875
0 0.2841796875 0.220703125 0.0966796875 0.1748046875
0 0.9033203125 0.4072265625 0.1630859375 0.171875
0 0.1630859375 0.306640625 0.326171875 0.4296875