4 0.10546875 0.341796875 0.13671875 0.330078125
4 0.2705078125 0.40625 0.1455078125 0.4404296875
4 0.40234375 0.3837890625 0.1337890625 0.3203125
4 0.5947265625 0.3701171875 0.123046875 0.33984375
4 0.7626953125 0.408203125 0.1259765625 0.3369140625
4 0.9443359375 0.4169921875 0.1083984375 0.3662109375
2 0.939453125 0.5068359375 0.12109375 0.7998046875
2 0.11328125 0.4814453125 0.166015625 0.8896484375
2 0.4052734375 0.5166015625 0.13671875 0.8369140625
2 0.591796875 0.5263671875 0.16796875 0.896484375
2 0.2744140625 0.5048828125 0.146484375 0.8330078125
2 0.7705078125 0.51953125 0.1533203125 0.853515625
0 0.947265625 0.150390625 0.0546875 0.08984375
0 0.765625 0.1533203125 0.05859375 0.115234375
0 0.603515625 0.1298828125 0.060546875 0.0966796875
0 0.390625 0.15625 0.0576171875 0.1123046875
0 0.287109375 0.146484375 0.072265625 0.1044921875
0 0.119140625 0.08984375 0.060546875 0.1162109375