4 0.3447265625 0.4326171875 0.052734375 0.1708984375
4 0.4013671875 0.404296875 0.060546875 0.1611328125
2 0.05078125 0.556640625 0.1015625 0.53515625
2 0.40625 0.45703125 0.0654296875 0.380859375
2 0.3515625 0.48046875 0.0654296875 0.3984375
2 0.4873046875 0.458984375 0.068359375 0.3974609375
3 0.041015625 0.4912109375 0.0810546875 0.236328125
3 0.4921875 0.396484375 0.0458984375 0.1259765625
1 0.48046875 0.2900390625 0.02734375 0.0615234375
1 0.41015625 0.2939453125 0.02734375 0.0576171875
1 0.345703125 0.3154296875 0.037109375 0.0576171875
1 0.0146484375 0.330078125 0.0283203125 0.09765625