4 0.6875 0.490234375 0.376953125 0.482421875
2 0.6357421875 0.521484375 0.5830078125 0.9560546875
2 0.0927734375 0.291015625 0.123046875 0.201171875
2 0.5263671875 0.375 0.1396484375 0.3779296875
3 0.5205078125 0.32421875 0.0927734375 0.1123046875
1 0.51953125 0.224609375 0.076171875 0.072265625
1 0.091796875 0.208984375 0.048828125 0.0419921875
3 0.095703125 0.30078125 0.1005859375 0.1064453125
0 0.68359375 0.1005859375 0.1875 0.1123046875
2 0.94140625 0.40234375 0.115234375 0.443359375
3 0.9609375 0.337890625 0.0771484375 0.142578125
1 0.98046875 0.228515625 0.0341796875 0.0546875