4 0.45703125 0.3037109375 0.068359375 0.2431640625
2 0.3671875 0.4033203125 0.109375 0.53515625
2 0.4443359375 0.3955078125 0.0947265625 0.578125
2 0.0791015625 0.3662109375 0.0361328125 0.1865234375
2 0.1142578125 0.3662109375 0.0419921875 0.2041015625
2 0.037109375 0.3408203125 0.025390625 0.1357421875
1 0.44140625 0.1474609375 0.041015625 0.0732421875
1 0.3740234375 0.17578125 0.037109375 0.0791015625
3 0.37109375 0.30859375 0.0712890625 0.1572265625
3 0.109375 0.32421875 0.0283203125 0.064453125
1 0.10546875 0.2744140625 0.0146484375 0.0234375
1 0.080078125 0.2900390625 0.015625 0.0244140625
3 0.0791015625 0.3271484375 0.0244140625 0.041015625
3 0.0361328125 0.3125 0.0185546875 0.0341796875
1 0.0341796875 0.2841796875 0.009765625 0.0234375