4 0.7470703125 0.615234375 0.505859375 0.765625
4 0.2568359375 0.724609375 0.134765625 0.5498046875
4 0.162109375 0.671875 0.142578125 0.4951171875
4 0.06640625 0.666015625 0.0673828125 0.3173828125
4 0.3935546875 0.6611328125 0.3125 0.677734375
4 0.1240234375 0.646484375 0.078125 0.396484375
2 0.162109375 0.6689453125 0.1435546875 0.6328125
2 0.0927734375 0.697265625 0.1357421875 0.599609375
2 0.3662109375 0.607421875 0.330078125 0.78125
2 0.7587890625 0.498046875 0.478515625 0.99609375
2 0.220703125 0.654296875 0.197265625 0.6357421875
1 0.689453125 0.1796875 0.18359375 0.34765625
1 0.3642578125 0.341796875 0.138671875 0.248046875
1 0.2802734375 0.3984375 0.0791015625 0.1318359375
1 0.18359375 0.39453125 0.0732421875 0.0791015625
1 0.1015625 0.4287109375 0.060546875 0.0693359375
1 0.056640625 0.4716796875 0.0517578125 0.115234375