4 0.4287109375 0.568359375 0.1142578125 0.2822265625
4 0.1943359375 0.578125 0.1064453125 0.244140625
4 0.7080078125 0.607421875 0.12109375 0.2841796875
4 0.55859375 0.6171875 0.087890625 0.2724609375
4 0.3212890625 0.640625 0.1103515625 0.248046875
4 0.8427734375 0.69140625 0.1064453125 0.291015625
2 0.7060546875 0.6533203125 0.1611328125 0.61328125
2 0.431640625 0.630859375 0.1494140625 0.6533203125
2 0.841796875 0.689453125 0.111328125 0.5439453125
2 0.5556640625 0.6640625 0.1142578125 0.5859375
2 0.1884765625 0.6416015625 0.1416015625 0.62890625
2 0.31640625 0.681640625 0.09765625 0.5546875
2 0.2685546875 0.65625 0.0556640625 0.5390625
0 0.8466796875 0.458984375 0.0537109375 0.0849609375
0 0.7041015625 0.38671875 0.0595703125 0.0869140625
0 0.544921875 0.4267578125 0.052734375 0.1171875
0 0.4462890625 0.3662109375 0.056640625 0.126953125