4 0.8935546875 0.7236328125 0.173828125 0.48046875
4 0.1533203125 0.4580078125 0.166015625 0.388671875
3 0.5302734375 0.5439453125 0.177734375 0.3837890625
4 0.3359375 0.6064453125 0.1669921875 0.373046875
4 0.7041015625 0.6640625 0.15234375 0.4091796875
2 0.5234375 0.5810546875 0.2099609375 0.8212890625
2 0.1279296875 0.541015625 0.240234375 0.8984375
2 0.3291015625 0.623046875 0.1923828125 0.734375
2 0.8662109375 0.6298828125 0.2314453125 0.7216796875
2 0.6904296875 0.6337890625 0.1845703125 0.7119140625
0 0.1806640625 0.1396484375 0.0810546875 0.087890625
0 0.880859375 0.3251953125 0.1103515625 0.099609375
0 0.525390625 0.21484375 0.0810546875 0.087890625
0 0.6728515625 0.326171875 0.087890625 0.095703125
0 0.3466796875 0.3037109375 0.0859375 0.083984375