4 0.1728515625 0.5146484375 0.177734375 0.50390625
4 0.626953125 0.5595703125 0.2333984375 0.615234375
2 0.8017578125 0.6123046875 0.39453125 0.755859375
2 0.154296875 0.4970703125 0.2744140625 0.9833984375
2 0.625 0.49609375 0.3525390625 0.9892578125
2 0.3837890625 0.673828125 0.30859375 0.638671875
4 0.869140625 0.7861328125 0.25390625 0.427734375
4 0.40234375 0.8251953125 0.294921875 0.349609375
0 0.1533203125 0.0791015625 0.111328125 0.15234375
0 0.40234375 0.4462890625 0.138671875 0.1787109375
0 0.6123046875 0.083984375 0.1279296875 0.154296875
0 0.8486328125 0.314453125 0.1416015625 0.1640625