3 0.6962890625 0.408203125 0.146484375 0.26171875
3 0.83984375 0.4140625 0.1611328125 0.2744140625
3 0.5361328125 0.416015625 0.173828125 0.2451171875
3 0.326171875 0.423828125 0.15625 0.2421875
3 0.1611328125 0.4462890625 0.193359375 0.2802734375
2 0.1650390625 0.5615234375 0.19140625 0.7001953125
2 0.6884765625 0.5068359375 0.1591796875 0.62890625
2 0.53515625 0.5126953125 0.1611328125 0.61328125
2 0.83984375 0.4873046875 0.1513671875 0.6064453125
2 0.33203125 0.52734375 0.1611328125 0.6162109375
1 0.68359375 0.240234375 0.056640625 0.0927734375
1 0.1572265625 0.2412109375 0.0595703125 0.0576171875
1 0.3349609375 0.2509765625 0.0537109375 0.05859375
1 0.529296875 0.2294921875 0.0517578125 0.046875
1 0.830078125 0.212890625 0.0595703125 0.0517578125