3 0.6005859375 0.556640625 0.0615234375 0.2060546875
3 0.21484375 0.5634765625 0.08984375 0.236328125
3 0.4248046875 0.5673828125 0.08984375 0.2275390625
3 0.7080078125 0.568359375 0.0869140625 0.1923828125
3 0.5263671875 0.5703125 0.1162109375 0.244140625
3 0.3330078125 0.5830078125 0.0810546875 0.2392578125
3 0.8115234375 0.6171875 0.09765625 0.2255859375
3 0.6318359375 0.63671875 0.068359375 0.181640625
2 0.19921875 0.6630859375 0.1455078125 0.60546875
2 0.8212890625 0.693359375 0.103515625 0.560546875
2 0.7109375 0.6767578125 0.099609375 0.5859375
2 0.509765625 0.65625 0.1396484375 0.6171875
2 0.3310546875 0.68359375 0.0927734375 0.5537109375
2 0.404296875 0.6650390625 0.1318359375 0.5966796875
2 0.634765625 0.720703125 0.091796875 0.5146484375
2 0.59765625 0.6611328125 0.0673828125 0.5458984375
1 0.6318359375 0.509765625 0.037109375 0.083984375
1 0.81640625 0.4541015625 0.03515625 0.080078125
1 0.5341796875 0.3916015625 0.041015625 0.095703125
1 0.6083984375 0.4296875 0.0322265625 0.078125
1 0.4267578125 0.419921875 0.0390625 0.10546875
1 0.2275390625 0.3955078125 0.0322265625 0.0849609375
1 0.69921875 0.423828125 0.03515625 0.08203125
1 0.345703125 0.4453125 0.033203125 0.0712890625