4 0.662109375 0.5126953125 0.033203125 0.1025390625
4 0.3349609375 0.5478515625 0.05859375 0.1318359375
4 0.5673828125 0.5830078125 0.07421875 0.1611328125
4 0.7099609375 0.591796875 0.0703125 0.1787109375
4 0.41015625 0.6181640625 0.119140625 0.259765625
4 0.240234375 0.6298828125 0.119140625 0.265625
2 0.236328125 0.701171875 0.1484375 0.59375
2 0.4111328125 0.69921875 0.1455078125 0.59375
2 0.330078125 0.6064453125 0.0712890625 0.3642578125
2 0.5703125 0.6201171875 0.0732421875 0.3447265625
2 0.66796875 0.5439453125 0.0537109375 0.19921875
2 0.712890625 0.6513671875 0.083984375 0.373046875
2 0.462890625 0.53515625 0.0693359375 0.19921875
2 0.189453125 0.513671875 0.0673828125 0.2314453125
0 0.3994140625 0.4287109375 0.0517578125 0.0517578125
0 0.330078125 0.4404296875 0.025390625 0.0302734375
0 0.5634765625 0.46484375 0.029296875 0.0390625
0 0.44921875 0.44921875 0.0302734375 0.03515625
0 0.24609375 0.43359375 0.0595703125 0.060546875
0 0.2099609375 0.419921875 0.033203125 0.0439453125
0 0.7138671875 0.484375 0.0380859375 0.041015625
0 0.666015625 0.4560546875 0.01953125 0.02734375