3 0.5986328125 0.564453125 0.1298828125 0.279296875
4 0.7080078125 0.5751953125 0.134765625 0.302734375
4 0.2880859375 0.5771484375 0.142578125 0.3251953125
4 0.458984375 0.5908203125 0.13671875 0.3388671875
4 0.1103515625 0.6875 0.220703125 0.625
4 0.884765625 0.7578125 0.2255859375 0.4375
2 0.1298828125 0.5361328125 0.2587890625 0.908203125
2 0.4462890625 0.6396484375 0.181640625 0.7041015625
2 0.6083984375 0.6328125 0.1337890625 0.716796875
2 0.291015625 0.5048828125 0.138671875 0.4765625
2 0.7060546875 0.54296875 0.1484375 0.529296875
2 0.8486328125 0.572265625 0.3017578125 0.83203125
0 0.87109375 0.26171875 0.1962890625 0.2109375
0 0.7099609375 0.3154296875 0.064453125 0.0859375
0 0.609375 0.3037109375 0.0556640625 0.0556640625
0 0.4736328125 0.3251953125 0.0595703125 0.0908203125
0 0.2900390625 0.3115234375 0.0625 0.0859375
0 0.1201171875 0.181640625 0.1826171875 0.201171875