3 0.3203125 0.33984375 0.126953125 0.2666015625
3 0.4931640625 0.3662109375 0.1328125 0.2529296875
3 0.2021484375 0.3681640625 0.126953125 0.349609375
3 0.611328125 0.373046875 0.1103515625 0.259765625
2 0.2060546875 0.4912109375 0.1552734375 0.8935546875
2 0.4794921875 0.453125 0.1630859375 0.6796875
2 0.3134765625 0.46875 0.138671875 0.7568359375
2 0.6025390625 0.4619140625 0.130859375 0.650390625
0 0.482421875 0.154296875 0.0537109375 0.076171875
0 0.244140625 0.0966796875 0.0791015625 0.0986328125
0 0.34765625 0.1435546875 0.0615234375 0.1005859375
0 0.611328125 0.1796875 0.0537109375 0.08203125