4 0.1142578125 0.8232421875 0.1357421875 0.3203125
4 0.2646484375 0.7607421875 0.1220703125 0.3173828125
4 0.91796875 0.634765625 0.099609375 0.24609375
4 0.837890625 0.638671875 0.0556640625 0.1845703125
4 0.7177734375 0.65234375 0.076171875 0.177734375
4 0.60546875 0.73828125 0.1416015625 0.349609375
4 0.498046875 0.6357421875 0.0439453125 0.11328125
4 0.3388671875 0.634765625 0.0498046875 0.1484375
4 0.4384765625 0.697265625 0.1240234375 0.236328125
2 0.5986328125 0.71484375 0.18359375 0.56640625
2 0.1064453125 0.771484375 0.185546875 0.443359375
2 0.916015625 0.7099609375 0.1376953125 0.576171875
2 0.4267578125 0.748046875 0.1416015625 0.48828125
2 0.7177734375 0.7197265625 0.078125 0.4658203125
2 0.8330078125 0.705078125 0.0595703125 0.4560546875
2 0.2568359375 0.7421875 0.171875 0.501953125
2 0.498046875 0.662109375 0.0419921875 0.2333984375
2 0.3408203125 0.7265625 0.0576171875 0.404296875
0 0.8935546875 0.4560546875 0.0546875 0.0693359375
0 0.83984375 0.498046875 0.0390625 0.044921875
0 0.7138671875 0.51171875 0.041015625 0.0498046875
0 0.5869140625 0.4794921875 0.072265625 0.0908203125
0 0.4912109375 0.560546875 0.021484375 0.03125
0 0.421875 0.5283203125 0.0380859375 0.052734375
0 0.3505859375 0.544921875 0.02734375 0.0361328125
0 0.251953125 0.537109375 0.0615234375 0.0791015625
0 0.1171875 0.5927734375 0.0703125 0.0888671875