4 0.3935546875 0.287109375 0.1005859375 0.15625
4 0.1494140625 0.3701171875 0.087890625 0.166015625
4 0.82421875 0.4462890625 0.125 0.2265625
4 0.5908203125 0.4541015625 0.1181640625 0.2314453125
2 0.4111328125 0.3681640625 0.140625 0.4052734375
2 0.1357421875 0.43359375 0.1240234375 0.3916015625
2 0.728515625 0.509765625 0.119140625 0.529296875
2 0.8759765625 0.48828125 0.1015625 0.5126953125
2 0.7861328125 0.5546875 0.216796875 0.60546875
2 0.5791015625 0.5380859375 0.1826171875 0.5791015625
4 0.732421875 0.4072265625 0.1171875 0.1669921875
4 0.8828125 0.41015625 0.078125 0.2099609375
0 0.150390625 0.2705078125 0.044921875 0.068359375
0 0.4453125 0.1943359375 0.044921875 0.060546875
0 0.5986328125 0.2900390625 0.0517578125 0.083984375
0 0.853515625 0.2568359375 0.056640625 0.046875
0 0.80078125 0.279296875 0.05078125 0.0556640625
0 0.751953125 0.2685546875 0.048828125 0.0517578125