4 0.3828125 0.5947265625 0.0791015625 0.3056640625
4 0.533203125 0.58984375 0.087890625 0.232421875
2 0.5 0.6806640625 0.1640625 0.62890625
2 0.1787109375 0.6083984375 0.05078125 0.216796875
2 0.462890625 0.642578125 0.0654296875 0.279296875
2 0.392578125 0.669921875 0.103515625 0.65234375
1 0.5390625 0.423828125 0.052734375 0.1103515625
1 0.40234375 0.3974609375 0.041015625 0.1044921875
1 0.455078125 0.513671875 0.0205078125 0.0546875
1 0.19140625 0.5166015625 0.0166015625 0.0361328125
3 0.1826171875 0.572265625 0.02734375 0.0595703125
3 0.4599609375 0.587890625 0.0341796875 0.103515625