4 0.1435546875 0.431640625 0.1494140625 0.2060546875
4 0.349609375 0.447265625 0.19921875 0.2431640625
4 0.625 0.443359375 0.18359375 0.166015625
4 0.7822265625 0.673828125 0.2119140625 0.1484375
2 0.42578125 0.5546875 0.365234375 0.546875
2 0.169921875 0.5234375 0.2060546875 0.5048828125
2 0.6318359375 0.5029296875 0.1669921875 0.431640625
2 0.734375 0.69140625 0.294921875 0.1865234375
0 0.64453125 0.3125 0.078125 0.0458984375
0 0.1806640625 0.3017578125 0.099609375 0.0576171875
0 0.4287109375 0.31640625 0.1025390625 0.0703125
0 0.7607421875 0.634765625 0.1083984375 0.0703125