4 0.3310546875 0.23828125 0.0830078125 0.0888671875
4 0.763671875 0.23828125 0.0625 0.0859375
2 0.3154296875 0.7470703125 0.349609375 0.482421875
2 0.3408203125 0.2783203125 0.126953125 0.2607421875
2 0.765625 0.2626953125 0.083984375 0.193359375
2 0.52734375 0.224609375 0.0517578125 0.1279296875
3 0.3466796875 0.662109375 0.228515625 0.224609375
4 0.5244140625 0.201171875 0.037109375 0.04296875
0 0.787109375 0.1787109375 0.0380859375 0.0205078125
0 0.541015625 0.171875 0.0224609375 0.0166015625
0 0.3564453125 0.1650390625 0.0439453125 0.0283203125