4 0.84375 0.240234375 0.0498046875 0.1103515625
4 0.4970703125 0.2666015625 0.0341796875 0.080078125
4 0.3212890625 0.271484375 0.0537109375 0.1103515625
4 0.9501953125 0.2802734375 0.0546875 0.099609375
4 0.744140625 0.291015625 0.06640625 0.115234375
4 0.4208984375 0.3095703125 0.0654296875 0.13671875
4 0.5283203125 0.4228515625 0.119140625 0.1884765625
4 0.150390625 0.5 0.166015625 0.29296875
2 0.8447265625 0.2861328125 0.0673828125 0.2470703125
2 0.1357421875 0.5771484375 0.22265625 0.65625
2 0.5380859375 0.4921875 0.14453125 0.5166015625
2 0.4208984375 0.3359375 0.0830078125 0.3017578125
2 0.3203125 0.3115234375 0.0625 0.2880859375
2 0.9482421875 0.29296875 0.05859375 0.1962890625
2 0.732421875 0.3154296875 0.09375 0.2548828125
2 0.2861328125 0.28125 0.0751953125 0.259765625
2 0.4951171875 0.328125 0.0556640625 0.298828125
4 0.2724609375 0.2705078125 0.0439453125 0.111328125
0 0.2041015625 0.32421875 0.0732421875 0.0810546875
0 0.28125 0.1748046875 0.0380859375 0.05078125
0 0.3134765625 0.19140625 0.0244140625 0.037109375
0 0.4306640625 0.2041015625 0.0341796875 0.0390625
0 0.5068359375 0.2021484375 0.03125 0.0419921875
0 0.52734375 0.2705078125 0.056640625 0.0771484375
0 0.7578125 0.2080078125 0.029296875 0.041015625
0 0.8662109375 0.1796875 0.025390625 0.03125
0 0.9521484375 0.2138671875 0.0361328125 0.0361328125