2 0.1259765625 0.791015625 0.2236328125 0.4111328125
2 0.4365234375 0.5830078125 0.5283203125 0.814453125
2 0.8037109375 0.8251953125 0.1357421875 0.349609375
2 0.6748046875 0.8134765625 0.0478515625 0.2509765625
2 0.587890625 0.7958984375 0.0654296875 0.205078125
2 0.9775390625 0.828125 0.044921875 0.3330078125
2 0.212890625 0.8193359375 0.0830078125 0.2431640625
2 0.9306640625 0.8125 0.0595703125 0.2705078125
2 0.6328125 0.8046875 0.0478515625 0.2353515625
3 0.986328125 0.779296875 0.0244140625 0.1015625
3 0.9296875 0.7822265625 0.04296875 0.10546875
3 0.82421875 0.810546875 0.0595703125 0.134765625
2 0.712890625 0.8271484375 0.05859375 0.275390625
3 0.716796875 0.7958984375 0.0380859375 0.0947265625
3 0.6748046875 0.7744140625 0.0302734375 0.0771484375
3 0.6318359375 0.7841796875 0.03125 0.0751953125
3 0.5888671875 0.8046875 0.044921875 0.08984375
3 0.1259765625 0.8984375 0.2138671875 0.1669921875
3 0.162003333984375 0.77803759375 0.170863333984375 0.79537343359375 0.231118333984375 0.8647092734375 0.239683333984375 0.900644109375 0.256815 0.886042607421875 0.236435 0.776704259765625 0.21251 0.77803759375 0.162003333984375 0.77803759375
0 0.443359375 0.3427734375 0.375 0.33984375
0 0.138671875 0.642578125 0.099609375 0.125
0 0.2001953125 0.7255859375 0.04296875 0.060546875
0 0.5791015625 0.7138671875 0.037109375 0.04296875
0 0.6376953125 0.7138671875 0.03125 0.048828125
0 0.712890625 0.7138671875 0.025390625 0.0390625
1 0.6728515625 0.712890625 0.01953125 0.0458984375
0 0.826171875 0.693359375 0.041015625 0.07421875
0 0.9287109375 0.6953125 0.025390625 0.0341796875
1 0.982421875 0.693359375 0.029296875 0.0654296875