4 0.4091796875 0.58984375 0.03515625 0.09765625
4 0.4755859375 0.587890625 0.0390625 0.099609375
2 0.412109375 0.6396484375 0.05859375 0.2861328125
2 0.8427734375 0.599609375 0.044921875 0.1845703125
2 0.474609375 0.638671875 0.048828125 0.2802734375
2 0.310546875 0.72265625 0.087890625 0.3125
2 0.865234375 0.78515625 0.119140625 0.357421875
2 0.2353515625 0.71484375 0.072265625 0.3115234375
2 0.9658203125 0.7509765625 0.068359375 0.494140625
3 0.3076171875 0.689453125 0.046875 0.1416015625
3 0.2421875 0.6875 0.044921875 0.1875
3 0.841796875 0.572265625 0.029296875 0.0712890625
3 0.87890625 0.765625 0.05078125 0.1884765625
3 0.9755859375 0.712890625 0.0478515625 0.28515625
1 0.4775390625 0.51953125 0.0234375 0.03515625
1 0.4130859375 0.51953125 0.0205078125 0.0419921875
1 0.30859375 0.59765625 0.03515625 0.056640625
1 0.2353515625 0.57421875 0.0263671875 0.0576171875
1 0.892578125 0.638671875 0.041015625 0.0546875
1 0.8349609375 0.529296875 0.0166015625 0.0439453125
1 0.990234375 0.5302734375 0.01953125 0.095703125