4 0.2138671875 0.486328125 0.1435546875 0.3603515625
4 0.8271484375 0.51953125 0.1376953125 0.396484375
4 0.328125 0.556640625 0.1640625 0.369140625
3 0.50390625 0.5693359375 0.1396484375 0.345703125
3 0.6669921875 0.578125 0.1181640625 0.357421875
2 0.8349609375 0.544921875 0.2080078125 0.8798828125
2 0.6591796875 0.5166015625 0.1640625 0.63671875
2 0.2197265625 0.4912109375 0.18359375 0.748046875
2 0.3212890625 0.5146484375 0.2197265625 0.6875
2 0.4970703125 0.505859375 0.1923828125 0.576171875
2 0.5791015625 0.2744140625 0.1123046875 0.3603515625
3 0.544258 0.259978978515625 0.535328 0.396864865234375 0.590704 0.445177177734375 0.622858 0.421021021484375 0.630004 0.387471470703125 0.6304 0.27105105078125 0.591598 0.247900900390625 0.587132 0.288159158203125 0.563016 0.29084384375 0.544258 0.259978978515625
0 0.82421875 0.1484375 0.099609375 0.09765625
0 0.6748046875 0.2451171875 0.0830078125 0.1025390625
0 0.5654296875 0.140625 0.0830078125 0.0966796875
0 0.5068359375 0.265625 0.0849609375 0.0947265625
0 0.3642578125 0.216796875 0.0908203125 0.0927734375
0 0.2275390625 0.1611328125 0.08203125 0.0849609375