4 0.7294921875 0.3603515625 0.0986328125 0.22265625
4 0.6279296875 0.4091796875 0.12109375 0.2080078125
4 0.21484375 0.427734375 0.1279296875 0.2744140625
4 0.462890625 0.4404296875 0.103515625 0.25
4 0.3828125 0.4716796875 0.0517578125 0.2119140625
2 0.2060546875 0.5498046875 0.1875 0.716796875
2 0.73046875 0.44140625 0.1494140625 0.591796875
2 0.619140625 0.48828125 0.1240234375 0.5595703125
2 0.4638671875 0.541015625 0.18359375 0.650390625
2 0.3798828125 0.52734375 0.0849609375 0.5439453125
0 0.72265625 0.181640625 0.0517578125 0.0712890625
0 0.607421875 0.2392578125 0.046875 0.07421875
0 0.4580078125 0.2607421875 0.0537109375 0.0810546875
0 0.3916015625 0.2783203125 0.05078125 0.0517578125
0 0.2099609375 0.22265625 0.0576171875 0.0625