3 0.7001953125 0.560546875 0.1064453125 0.1865234375
3 0.0537109375 0.5634765625 0.0712890625 0.1923828125
3 0.548828125 0.568359375 0.0712890625 0.21875
3 0.3466796875 0.6806640625 0.142578125 0.42578125
2 0.740234375 0.6142578125 0.212890625 0.4560546875
2 0.0712890625 0.6064453125 0.1396484375 0.4765625
2 0.34765625 0.6201171875 0.2021484375 0.7421875
2 0.4443359375 0.654296875 0.1220703125 0.68359375
2 0.5400390625 0.658203125 0.1064453125 0.615234375
2 0.2392578125 0.66015625 0.111328125 0.6689453125
2 0.5888671875 0.5986328125 0.0537109375 0.4228515625
2 0.1865234375 0.5908203125 0.0947265625 0.4716796875
3 0.4384765625 0.5859375 0.1025390625 0.2734375
3 0.59375 0.5146484375 0.0478515625 0.130859375
3 0.2314453125 0.58203125 0.091796875 0.306640625
3 0.1581244453125 0.55287278125 0.1581244453125 0.5917071015625 0.191131111328125 0.579443787109375 0.19036222265625 0.5487840234375 0.203413333984375 0.46498520703125 0.23258 0.432281064453125 0.18192 0.442502958984375 0.16196222265625 0.462940828125 0.1581244453125 0.55287278125
0 0.0703125 0.3974609375 0.064453125 0.0595703125
0 0.201171875 0.3818359375 0.0546875 0.056640625
0 0.333984375 0.3017578125 0.1142578125 0.0966796875
0 0.4609375 0.3583984375 0.07421875 0.078125
0 0.55078125 0.37890625 0.0615234375 0.0478515625
0 0.689453125 0.4169921875 0.046875 0.060546875