3 0.3037109375 0.2763671875 0.0263671875 0.072265625
3 0.34375 0.2763671875 0.0234375 0.0576171875
3 0.1884765625 0.2919921875 0.0244140625 0.0556640625
3 0.1552734375 0.30078125 0.0224609375 0.064453125
3 0.2587890625 0.3037109375 0.0283203125 0.0732421875
2 0.3037109375 0.2900390625 0.029296875 0.130859375
2 0.26171875 0.3193359375 0.0302734375 0.134765625
2 0.1884765625 0.31640625 0.025390625 0.1435546875
2 0.1572265625 0.318359375 0.0302734375 0.1337890625
2 0.34375 0.3017578125 0.0361328125 0.150390625
1 0.154296875 0.2587890625 0.0087890625 0.01953125
0 0.34375 0.236328125 0.0107421875 0.0205078125
0 0.302734375 0.23046875 0.01171875 0.017578125
0 0.26171875 0.2548828125 0.0087890625 0.0166015625
0 0.1884765625 0.2529296875 0.01171875 0.0166015625