3 0.5927734375 0.4482421875 0.09375 0.2587890625
3 0.220703125 0.447265625 0.1767578125 0.27734375
3 0.375 0.4580078125 0.1953125 0.27734375
3 0.5244140625 0.484375 0.130859375 0.224609375
3 0.69140625 0.486328125 0.154296875 0.2890625
3 0.09765625 0.576171875 0.1953125 0.48046875
2 0.099609375 0.546875 0.1982421875 0.888671875
2 0.251953125 0.5732421875 0.244140625 0.830078125
2 0.5205078125 0.6142578125 0.1337890625 0.697265625
2 0.671875 0.5751953125 0.1787109375 0.8330078125
2 0.369140625 0.580078125 0.2646484375 0.8330078125
2 0.5888671875 0.5537109375 0.1044921875 0.705078125
0 0.060546875 0.181640625 0.1181640625 0.1494140625
0 0.6865234375 0.2177734375 0.095703125 0.12109375
0 0.21875 0.201171875 0.0732421875 0.080078125
0 0.400390625 0.2177734375 0.076171875 0.1025390625
0 0.56640625 0.2333984375 0.0576171875 0.0654296875
1 0.52734375 0.2880859375 0.0556640625 0.0576171875