3 0.6015625 0.5224609375 0.052734375 0.0693359375
3 0.4609375 0.490234375 0.0400390625 0.083984375
3 0.404296875 0.4931640625 0.0390625 0.087890625
3 0.365234375 0.5146484375 0.0322265625 0.083984375
2 0.3662109375 0.5478515625 0.0390625 0.2333984375
2 0.6015625 0.5634765625 0.0517578125 0.1884765625
2 0.4677734375 0.5302734375 0.05078125 0.2041015625
2 0.40625 0.544921875 0.0458984375 0.236328125
0 0.5947265625 0.478515625 0.021484375 0.01953125
0 0.3955078125 0.4384765625 0.021484375 0.029296875
0 0.3603515625 0.4482421875 0.025390625 0.03125
0 0.4755859375 0.4482421875 0.0224609375 0.0341796875