3 0.427734375 0.4365234375 0.072265625 0.1064453125
3 0.3701171875 0.458984375 0.048828125 0.078125
3 0.736328125 0.4609375 0.072265625 0.16015625
3 0.16796875 0.5849609375 0.0888671875 0.12109375
3 0.0380859375 0.619140625 0.076171875 0.169921875
2 0.060546875 0.669921875 0.12109375 0.3671875
2 0.427734375 0.48046875 0.0693359375 0.2841796875
2 0.1748046875 0.6435546875 0.10546875 0.3203125
2 0.7314453125 0.4931640625 0.08203125 0.3251953125
2 0.3662109375 0.486328125 0.052734375 0.189453125
1 0.734375 0.3505859375 0.03515625 0.041015625
1 0.4248046875 0.3515625 0.0244140625 0.0234375
1 0.3701171875 0.408203125 0.01953125 0.02734375
1 0.1669921875 0.5068359375 0.0322265625 0.046875
1 0.0234375 0.5048828125 0.0439453125 0.04296875