3 0.119140625 0.384765625 0.2001953125 0.439453125
3 0.728515625 0.248046875 0.09375 0.1826171875
3 0.8603515625 0.26171875 0.095703125 0.220703125
3 0.9736328125 0.2822265625 0.052734375 0.220703125
3 0.6494140625 0.251953125 0.048828125 0.1669921875
3 0.40234375 0.220703125 0.044921875 0.1044921875
3 0.5234375 0.2392578125 0.0625 0.1279296875
3 0.599609375 0.2568359375 0.0361328125 0.1201171875
3 0.314453125 0.2275390625 0.0390625 0.0986328125
2 0.1611328125 0.50390625 0.279296875 0.9326171875
2 0.8671875 0.3310546875 0.162109375 0.5390625
2 0.7333984375 0.3251953125 0.1357421875 0.48046875
2 0.400390625 0.2490234375 0.0517578125 0.2236328125
2 0.517578125 0.279296875 0.087890625 0.265625
2 0.6396484375 0.3115234375 0.1171875 0.390625
2 0.951171875 0.37109375 0.095703125 0.556640625
2 0.4443359375 0.248046875 0.048828125 0.203125
2 0.318359375 0.265625 0.044921875 0.2001953125
1 0.130859375 0.10546875 0.0849609375 0.140625
1 0.87109375 0.1142578125 0.046875 0.0849609375
1 0.7236328125 0.126953125 0.0361328125 0.078125
1 0.634765625 0.1474609375 0.033203125 0.056640625
1 0.5302734375 0.1689453125 0.029296875 0.041015625
1 0.4404296875 0.158203125 0.021484375 0.021484375
1 0.4033203125 0.15625 0.021484375 0.033203125