4 0.126953125 0.44140625 0.1396484375 0.37109375
4 0.40234375 0.3974609375 0.2197265625 0.35546875
4 0.6875 0.4345703125 0.1376953125 0.3388671875
4 0.8955078125 0.41015625 0.2001953125 0.3720703125
2 0.8974609375 0.5478515625 0.205078125 0.888671875
2 0.693359375 0.56640625 0.1943359375 0.8447265625
2 0.40625 0.5419921875 0.21484375 0.8974609375
2 0.130859375 0.5634765625 0.17578125 0.857421875
1 0.134765625 0.1923828125 0.0625 0.115234375
1 0.40625 0.126953125 0.0556640625 0.072265625
1 0.88671875 0.1650390625 0.0634765625 0.119140625
1 0.6943359375 0.20703125 0.056640625 0.1259765625