3 0.83203125 0.36328125 0.130859375 0.275390625
3 0.623046875 0.64453125 0.1455078125 0.275390625
2 0.634765625 0.6328125 0.2021484375 0.498046875
2 0.3955078125 0.650390625 0.2490234375 0.5830078125
2 0.44140625 0.40234375 0.26953125 0.4052734375
2 0.818359375 0.484375 0.1923828125 0.806640625
3 0.3662109375 0.666015625 0.17578125 0.291015625
3 0.3764208984375 0.283508052734375 0.3213779296875 0.351390921875 0.304509765625 0.427259150390625 0.340021484375 0.49913469921875 0.3586650390625 0.49514201953125 0.38707421875 0.459203513671875 0.4172587890625 0.441900439453125 0.447443359375 0.363370423828125 0.486505859375 0.37934260546875 0.4873935546875 0.34207320703125 0.458984375 0.34473645703125 0.4296875 0.38732796484375 0.4403408203125 0.26753587109375 0.43323828125 0.266204978515625 0.4012783203125 0.270197658203125 0.3764208984375 0.283508052734375
0 0.8330078125 0.134765625 0.0732421875 0.1015625
0 0.4833984375 0.248046875 0.09375 0.1083984375
0 0.6640625 0.435546875 0.076171875 0.1044921875
0 0.4619140625 0.4189453125 0.107421875 0.107421875