3 0.48046875 0.546875 0.076171875 0.16015625
3 0.595703125 0.546875 0.0986328125 0.1728515625
3 0.3212890625 0.5654296875 0.1142578125 0.2060546875
3 0.40234375 0.583984375 0.0517578125 0.15625
2 0.595703125 0.6318359375 0.123046875 0.556640625
2 0.318359375 0.6669921875 0.134765625 0.59375
2 0.486328125 0.638671875 0.111328125 0.533203125
2 0.396484375 0.6591796875 0.083984375 0.505859375
0 0.591796875 0.37890625 0.048828125 0.0498046875
0 0.48046875 0.396484375 0.05078125 0.052734375
0 0.3857421875 0.431640625 0.0478515625 0.0517578125
0 0.33203125 0.3974609375 0.05859375 0.0556640625