4 0.6591796875 0.4404296875 0.0810546875 0.1240234375
4 0.55078125 0.4453125 0.08203125 0.1416015625
4 0.8017578125 0.4482421875 0.08203125 0.1728515625
4 0.388671875 0.4560546875 0.1142578125 0.2431640625
4 0.896484375 0.5234375 0.0830078125 0.228515625
2 0.486328125 0.7568359375 0.2236328125 0.4833984375
2 0.369140625 0.5751953125 0.1640625 0.7705078125
2 0.765625 0.7265625 0.1630859375 0.474609375
2 0.888671875 0.6162109375 0.1494140625 0.6533203125
2 0.646484375 0.7109375 0.12109375 0.43359375
2 0.7880859375 0.431640625 0.140625 0.3525390625
2 0.5517578125 0.412109375 0.10546875 0.26953125
2 0.658203125 0.462890625 0.125 0.3857421875
2 0.50390625 0.2783203125 0.0390625 0.0966796875
4 0.4755859375 0.8095703125 0.169921875 0.2685546875
4 0.6591796875 0.6962890625 0.0986328125 0.2060546875
4 0.7841796875 0.6982421875 0.123046875 0.2294921875
0 0.7607421875 0.515625 0.056640625 0.048828125
0 0.6484375 0.5234375 0.05859375 0.048828125
0 0.4970703125 0.56640625 0.072265625 0.0927734375
0 0.5478515625 0.3095703125 0.052734375 0.0615234375
0 0.6572265625 0.2958984375 0.0498046875 0.044921875
0 0.8984375 0.3232421875 0.0546875 0.0576171875
0 0.8134765625 0.279296875 0.0576171875 0.052734375
0 0.3955078125 0.2236328125 0.060546875 0.0615234375
0 0.5029296875 0.2490234375 0.0361328125 0.0341796875