3 0.587890625 0.5146484375 0.1875 0.3701171875
3 0.8115234375 0.51953125 0.1318359375 0.2451171875
3 0.2607421875 0.525390625 0.189453125 0.3291015625
3 0.1044921875 0.5751953125 0.201171875 0.4140625
2 0.5947265625 0.599609375 0.255859375 0.80078125
2 0.1494140625 0.5966796875 0.298828125 0.8046875
2 0.81640625 0.603515625 0.1630859375 0.6025390625
2 0.2646484375 0.619140625 0.20703125 0.7607421875
0 0.1142578125 0.2568359375 0.1611328125 0.125
0 0.8046875 0.328125 0.06640625 0.0537109375
0 0.2646484375 0.2763671875 0.0927734375 0.0791015625
0 0.625 0.294921875 0.1005859375 0.1923828125
2 0.5390625 0.5546875 0.0693359375 0.58984375
0 0.5615234375 0.2744140625 0.0517578125 0.068359375