4 0.435546875 0.740234375 0.466796875 0.5185546875
2 0.435546875 0.5146484375 0.5419921875 0.9658203125
2 0.86328125 0.5419921875 0.072265625 0.2236328125
2 0.05859375 0.533203125 0.0478515625 0.1689453125
2 0.0146484375 0.5380859375 0.029296875 0.169921875
2 0.2744140625 0.4736328125 0.025390625 0.0517578125
2 0.216796875 0.494140625 0.0302734375 0.07421875
3 0.05859375 0.4990234375 0.0400390625 0.0546875
3 0.0126953125 0.505859375 0.025390625 0.0595703125
3 0.275390625 0.48046875 0.0234375 0.025390625
3 0.2177734375 0.4873046875 0.025390625 0.0341796875
3 0.869140625 0.5068359375 0.0537109375 0.080078125
0 0.4306640625 0.1259765625 0.2431640625 0.1923828125
0 0.87109375 0.4423828125 0.0244140625 0.0234375
1 0.2744140625 0.455078125 0.015625 0.0185546875
1 0.220703125 0.4609375 0.009765625 0.0126953125
1 0.056640625 0.4580078125 0.0185546875 0.021484375
1 0.009765625 0.4638671875 0.017578125 0.0166015625