4 0.916015625 0.349609375 0.1640625 0.3203125
4 0.3134765625 0.443359375 0.1416015625 0.2626953125
4 0.076171875 0.4462890625 0.1513671875 0.267578125
4 0.7080078125 0.4501953125 0.1513671875 0.2646484375
4 0.5107421875 0.4521484375 0.1455078125 0.25
2 0.2978515625 0.548828125 0.1474609375 0.6201171875
2 0.07421875 0.54296875 0.1474609375 0.66015625
2 0.6962890625 0.5400390625 0.1572265625 0.66015625
2 0.501953125 0.54296875 0.1640625 0.6103515625
2 0.9072265625 0.49609375 0.185546875 0.822265625
0 0.896484375 0.130859375 0.0830078125 0.0927734375
0 0.7001953125 0.23828125 0.0751953125 0.044921875
0 0.5009765625 0.2666015625 0.056640625 0.05859375
0 0.2958984375 0.2685546875 0.0673828125 0.052734375
0 0.03515625 0.2509765625 0.0703125 0.07421875