4 0.5185546875 0.435546875 0.1689453125 0.3203125
4 0.662109375 0.384765625 0.091796875 0.275390625
4 0.2548828125 0.373046875 0.181640625 0.2421875
4 0.7998046875 0.392578125 0.1435546875 0.2763671875
2 0.298828125 0.5068359375 0.310546875 0.7783203125
2 0.7705078125 0.482421875 0.205078125 0.708984375
2 0.0908203125 0.275390625 0.0390625 0.083984375
2 0.529296875 0.5419921875 0.3623046875 0.814453125
2 0.62890625 0.4638671875 0.1669921875 0.671875
1 0.376953125 0.1962890625 0.1513671875 0.1513671875
1 0.7744140625 0.193359375 0.12109375 0.1240234375
1 0.5107421875 0.2177734375 0.1240234375 0.1455078125
1 0.611328125 0.189453125 0.140625 0.126953125