4 0.390625 0.6171875 0.1513671875 0.275390625
3 0.205078125 0.630859375 0.2158203125 0.38671875
3 0.583984375 0.6435546875 0.1552734375 0.3232421875
2 0.1875 0.6435546875 0.275390625 0.712890625
2 0.3935546875 0.66796875 0.197265625 0.6640625
2 0.8779296875 0.6533203125 0.2021484375 0.6904296875
2 0.5830078125 0.685546875 0.2109375 0.62109375
2 0.7412109375 0.6962890625 0.1513671875 0.6044921875
4 0.8857421875 0.5810546875 0.1796875 0.296875
3 0.736328125 0.62109375 0.126953125 0.2314453125
0 0.86328125 0.3515625 0.07421875 0.064453125
1 0.7373046875 0.4482421875 0.0703125 0.0888671875
1 0.578125 0.4091796875 0.072265625 0.064453125
0 0.404296875 0.3876953125 0.0947265625 0.08203125
0 0.234375 0.337890625 0.1171875 0.09765625