4 0.884765625 0.4521484375 0.2041015625 0.3828125
4 0.6767578125 0.58984375 0.1689453125 0.41796875
4 0.146484375 0.6171875 0.2041015625 0.46875
4 0.416015625 0.6201171875 0.201171875 0.41796875
2 0.1279296875 0.6259765625 0.2177734375 0.7333984375
2 0.87109375 0.5595703125 0.255859375 0.8671875
2 0.66796875 0.626953125 0.21875 0.7275390625
2 0.41015625 0.623046875 0.1962890625 0.7373046875
2 0.2578125 0.646484375 0.1728515625 0.6943359375
2 0.54296875 0.646484375 0.1328125 0.6904296875
4 0.2607421875 0.62109375 0.1455078125 0.3173828125
4 0.5537109375 0.5615234375 0.1015625 0.2724609375
1 0.443359375 0.3408203125 0.0830078125 0.166015625
1 0.681640625 0.3369140625 0.0751953125 0.1455078125
1 0.560546875 0.3701171875 0.0517578125 0.125
1 0.2841796875 0.3837890625 0.0771484375 0.1455078125
1 0.158203125 0.3330078125 0.083984375 0.13671875
1 0.876953125 0.197265625 0.083984375 0.142578125