3 0.2412109375 0.5986328125 0.1767578125 0.333984375
3 0.587890625 0.5751953125 0.173828125 0.25
3 0.8271484375 0.548828125 0.142578125 0.2080078125
3 0.9462890625 0.5400390625 0.091796875 0.2890625
3 0.359375 0.5859375 0.125 0.2529296875
3 0.03515625 0.572265625 0.0703125 0.224609375
2 0.5869140625 0.6865234375 0.1748046875 0.625
2 0.83203125 0.6806640625 0.169921875 0.6279296875
2 0.28125 0.6474609375 0.2470703125 0.7001953125
2 0.9423828125 0.65234375 0.1142578125 0.6923828125
2 0.3525390625 0.697265625 0.1279296875 0.603515625
2 0.052734375 0.6845703125 0.1044921875 0.5263671875
1 0.935546875 0.384765625 0.091796875 0.134765625
1 0.82421875 0.421875 0.0673828125 0.0986328125
1 0.578125 0.431640625 0.076171875 0.1103515625
1 0.28125 0.3798828125 0.111328125 0.1591796875
1 0.029296875 0.4580078125 0.05859375 0.07421875