4 0.830078125 0.408203125 0.0869140625 0.19140625
4 0.73828125 0.357421875 0.0712890625 0.1279296875
4 0.6220703125 0.328125 0.1103515625 0.259765625
4 0.53125 0.375 0.091796875 0.2412109375
2 0.630859375 0.490234375 0.146484375 0.80859375
2 0.8212890625 0.50390625 0.103515625 0.5302734375
2 0.5224609375 0.4892578125 0.1123046875 0.62109375
2 0.73828125 0.4462890625 0.087890625 0.45703125
0 0.826171875 0.2783203125 0.046875 0.0849609375
0 0.73828125 0.2578125 0.044921875 0.072265625
0 0.60546875 0.16015625 0.0595703125 0.1552734375
1 0.533203125 0.2294921875 0.0556640625 0.095703125