3 0.9638671875 0.2822265625 0.05859375 0.1376953125
3 0.1982421875 0.3125 0.169921875 0.2783203125
3 0.677734375 0.3583984375 0.1318359375 0.2158203125
3 0.5751953125 0.3759765625 0.216796875 0.24609375
2 0.2509765625 0.40625 0.2783203125 0.6318359375
2 0.5302734375 0.5 0.3154296875 0.6962890625
2 0.697265625 0.447265625 0.2197265625 0.556640625
2 0.9521484375 0.33984375 0.0849609375 0.3935546875
0 0.25390625 0.1240234375 0.0576171875 0.0712890625
0 0.625 0.212890625 0.06640625 0.0771484375
0 0.490234375 0.197265625 0.0732421875 0.0869140625
0 0.9599609375 0.16796875 0.04296875 0.0478515625