4 0.263671875 0.708984375 0.21875 0.576171875
4 0.5908203125 0.767578125 0.20703125 0.4580078125
2 0.572265625 0.65234375 0.3310546875 0.6806640625
2 0.25390625 0.5634765625 0.294921875 0.859375
2 0.7841796875 0.6123046875 0.05859375 0.2568359375
2 0.8623046875 0.6044921875 0.0615234375 0.2802734375
2 0.728515625 0.58984375 0.041015625 0.232421875
2 0.416015625 0.5849609375 0.04296875 0.201171875
2 0.908203125 0.6162109375 0.0654296875 0.3193359375
2 0.0439453125 0.548828125 0.029296875 0.119140625
3 0.9169921875 0.544921875 0.0400390625 0.103515625
3 0.857421875 0.5634765625 0.0390625 0.1025390625
3 0.783203125 0.552734375 0.04296875 0.080078125
3 0.73046875 0.544921875 0.0302734375 0.0654296875
3 0.416015625 0.5400390625 0.03125 0.06640625
3 0.044921875 0.533203125 0.0205078125 0.0341796875
1 0.0419921875 0.5009765625 0.0166015625 0.029296875
1 0.89453125 0.4931640625 0.02734375 0.0439453125
1 0.8486328125 0.4833984375 0.02734375 0.0341796875
1 0.8037109375 0.49609375 0.021484375 0.0380859375
1 0.7275390625 0.48828125 0.0185546875 0.033203125
0 0.5869140625 0.423828125 0.1708984375 0.224609375
0 0.2646484375 0.2470703125 0.1845703125 0.2236328125
1 0.4091796875 0.494140625 0.0146484375 0.029296875