4 0.259765625 0.8515625 0.26953125 0.294921875
4 0.8154296875 0.7724609375 0.265625 0.4462890625
3 0.634765625 0.71484375 0.203125 0.44921875
3 0.044921875 0.5615234375 0.0888671875 0.1845703125
2 0.2880859375 0.71484375 0.31640625 0.5576171875
2 0.814453125 0.6533203125 0.2900390625 0.6806640625
2 0.609375 0.6240234375 0.271484375 0.73828125
2 0.048828125 0.6572265625 0.0966796875 0.572265625
0 0.7666015625 0.3876953125 0.1708984375 0.1474609375
0 0.6220703125 0.31640625 0.12890625 0.119140625
0 0.0322265625 0.400390625 0.0537109375 0.0576171875
0 0.2626953125 0.5390625 0.2060546875 0.2060546875