3 0.1904296875 0.5458984375 0.181640625 0.5849609375
3 0.849609375 0.59375 0.212890625 0.421875
2 0.8134765625 0.5966796875 0.2890625 0.7822265625
2 0.2080078125 0.517578125 0.30859375 0.9404296875
2 0.3359375 0.5830078125 0.1953125 0.806640625
2 0.0546875 0.4951171875 0.107421875 0.9833984375
2 0.421875 0.4443359375 0.0986328125 0.4580078125
2 0.576171875 0.57421875 0.2099609375 0.75390625
3 0.5791015625 0.515625 0.197265625 0.3359375
3 0.4189453125 0.5048828125 0.08984375 0.2734375
3 0.3310546875 0.5263671875 0.1796875 0.3544921875
0 0.7392578125 0.2880859375 0.1357421875 0.15625
0 0.572265625 0.26171875 0.087890625 0.123046875
0 0.4228515625 0.2666015625 0.0537109375 0.091796875
0 0.3583984375 0.24609375 0.080078125 0.1513671875
0 0.263671875 0.1494140625 0.14453125 0.2060546875