4 0.84375 0.42578125 0.056640625 0.1904296875
4 0.78515625 0.4189453125 0.072265625 0.1875
2 0.0400390625 0.619140625 0.080078125 0.6220703125
2 0.779296875 0.5224609375 0.0869140625 0.546875
2 0.8515625 0.52734375 0.1015625 0.53515625
2 0.1640625 0.501953125 0.029296875 0.14453125
2 0.685546875 0.47265625 0.0458984375 0.1982421875
2 0.0859375 0.4951171875 0.0185546875 0.10546875
3 0.0341796875 0.48828125 0.0673828125 0.208984375
3 0.1650390625 0.4794921875 0.017578125 0.068359375
3 0.6875 0.4404296875 0.03125 0.0869140625
3 0.0869140625 0.478515625 0.0126953125 0.0458984375
1 0.0205078125 0.341796875 0.041015625 0.0703125
1 0.8330078125 0.3056640625 0.0419921875 0.0859375
1 0.78515625 0.2900390625 0.04296875 0.078125
1 0.69140625 0.390625 0.0146484375 0.033203125
1 0.1630859375 0.4404296875 0.013671875 0.01953125
1 0.0830078125 0.451171875 0.009765625 0.0166015625