3 0.6259765625 0.3935546875 0.103515625 0.208984375
3 0.5302734375 0.4033203125 0.099609375 0.1669921875
3 0.1181640625 0.4384765625 0.1162109375 0.2451171875
3 0.7197265625 0.4462890625 0.1279296875 0.2900390625
3 0.32421875 0.486328125 0.1484375 0.33984375
2 0.1435546875 0.5048828125 0.16796875 0.587890625
2 0.328125 0.5712890625 0.1484375 0.84765625
2 0.6953125 0.5224609375 0.1796875 0.6416015625
2 0.53125 0.4580078125 0.095703125 0.44140625
2 0.623046875 0.4638671875 0.1064453125 0.5166015625
0 0.7255859375 0.2353515625 0.068359375 0.0673828125
0 0.603515625 0.2333984375 0.044921875 0.0546875
0 0.119140625 0.2421875 0.068359375 0.064453125
0 0.3310546875 0.197265625 0.0947265625 0.0966796875
0 0.5302734375 0.263671875 0.0400390625 0.044921875