3 0.0546875 0.396484375 0.0302734375 0.0693359375
3 0.1279296875 0.40625 0.0244140625 0.060546875
3 0.0927734375 0.4091796875 0.0302734375 0.06640625
3 0.51171875 0.4658203125 0.072265625 0.18359375
3 0.388671875 0.474609375 0.0859375 0.18359375
3 0.2685546875 0.4912109375 0.1220703125 0.2646484375
3 0.59765625 0.501953125 0.080078125 0.18359375
3 0.6904296875 0.521484375 0.091796875 0.294921875
3 0.94921875 0.5419921875 0.1015625 0.271484375
3 0.8271484375 0.541015625 0.1337890625 0.328125
2 0.265625 0.59375 0.17578125 0.7978515625
2 0.8212890625 0.5751953125 0.169921875 0.8369140625
2 0.9267578125 0.630859375 0.1435546875 0.7314453125
2 0.587890625 0.599609375 0.1123046875 0.5908203125
2 0.6787109375 0.6064453125 0.154296875 0.7744140625
2 0.375 0.5615234375 0.1357421875 0.5751953125
2 0.5048828125 0.5361328125 0.1083984375 0.5146484375
2 0.0927734375 0.427734375 0.0498046875 0.1923828125
2 0.052734375 0.4169921875 0.0380859375 0.18359375
2 0.130859375 0.421875 0.0322265625 0.1630859375
0 0.9599609375 0.3173828125 0.0751953125 0.10546875
0 0.8125 0.2119140625 0.1025390625 0.1103515625
0 0.6826171875 0.2578125 0.08203125 0.0791015625
0 0.6064453125 0.3349609375 0.0546875 0.060546875
0 0.5126953125 0.306640625 0.0419921875 0.0458984375
0 0.388671875 0.3017578125 0.0517578125 0.0537109375
0 0.2763671875 0.236328125 0.0703125 0.076171875
1 0.052734375 0.3369140625 0.0166015625 0.017578125
1 0.0947265625 0.34375 0.01953125 0.01953125
1 0.1328125 0.3515625 0.0166015625 0.01953125