4 0.0849609375 0.6904296875 0.1669921875 0.3056640625
4 0.9013671875 0.75390625 0.146484375 0.3330078125
4 0.7841796875 0.85546875 0.154296875 0.265625
4 0.5986328125 0.8876953125 0.181640625 0.2236328125
2 0.580078125 0.75390625 0.28515625 0.4912109375
2 0.0927734375 0.6708984375 0.1767578125 0.6552734375
2 0.9091796875 0.7119140625 0.1787109375 0.5732421875
2 0.78125 0.7626953125 0.154296875 0.4716796875
2 0.9814453125 0.171875 0.0263671875 0.0751953125
2 0.6787109375 0.5673828125 0.1552734375 0.361328125
4 0.9853515625 0.1630859375 0.0107421875 0.0244140625
0 0.8955078125 0.482421875 0.125 0.107421875
0 0.681640625 0.4541015625 0.13671875 0.123046875
0 0.61328125 0.603515625 0.1591796875 0.18359375
0 0.7822265625 0.6025390625 0.138671875 0.1318359375
0 0.0751953125 0.4931640625 0.1171875 0.150390625
0 0.984375 0.14453125 0.0087890625 0.0146484375