3 0.65234375 0.55078125 0.0458984375 0.18359375
3 0.30859375 0.5556640625 0.0966796875 0.201171875
3 0.458984375 0.5595703125 0.087890625 0.203125
3 0.5302734375 0.5615234375 0.068359375 0.189453125
3 0.595703125 0.568359375 0.0927734375 0.1826171875
3 0.6953125 0.5966796875 0.0771484375 0.23046875
3 0.115234375 0.5966796875 0.1103515625 0.32421875
3 0.19140625 0.619140625 0.0712890625 0.2548828125
3 0.849609375 0.642578125 0.0986328125 0.2255859375
3 0.0361328125 0.6689453125 0.072265625 0.3662109375
2 0.3115234375 0.65625 0.095703125 0.609375
2 0.45703125 0.6318359375 0.08984375 0.5244140625
2 0.1181640625 0.6572265625 0.1123046875 0.673828125
2 0.849609375 0.72265625 0.0986328125 0.546875
2 0.525390625 0.625 0.0751953125 0.4736328125
2 0.59375 0.66015625 0.08984375 0.5048828125
2 0.03515625 0.65234375 0.0703125 0.6826171875
2 0.1923828125 0.6943359375 0.0947265625 0.595703125
2 0.6953125 0.677734375 0.0712890625 0.560546875
2 0.65234375 0.6220703125 0.0625 0.5068359375
0 0.845703125 0.4658203125 0.0673828125 0.07421875
0 0.70703125 0.43359375 0.044921875 0.0732421875
0 0.5869140625 0.431640625 0.0390625 0.046875
0 0.5244140625 0.4111328125 0.0341796875 0.044921875
0 0.669921875 0.3974609375 0.0390625 0.048828125
0 0.470703125 0.3974609375 0.0390625 0.0478515625
0 0.3154296875 0.37890625 0.044921875 0.0546875
0 0.1962890625 0.4345703125 0.0615234375 0.0810546875
0 0.1337890625 0.3583984375 0.0751953125 0.0830078125
0 0.033203125 0.359375 0.0654296875 0.1103515625