3 0.5947265625 0.5810546875 0.0859375 0.1171875
3 0.4716796875 0.5849609375 0.068359375 0.15234375
3 0.6845703125 0.587890625 0.08984375 0.146484375
3 0.51953125 0.5947265625 0.072265625 0.1494140625
3 0.2783203125 0.5947265625 0.072265625 0.1123046875
3 0.3759765625 0.6025390625 0.080078125 0.1337890625
3 0.1962890625 0.6162109375 0.083984375 0.1279296875
2 0.2080078125 0.689453125 0.1123046875 0.408203125
2 0.3779296875 0.6640625 0.0859375 0.373046875
2 0.697265625 0.671875 0.1220703125 0.4501953125
2 0.6083984375 0.6494140625 0.1220703125 0.37890625
2 0.279296875 0.658203125 0.078125 0.34375
2 0.5361328125 0.7080078125 0.1064453125 0.533203125
2 0.47265625 0.671875 0.0615234375 0.4560546875
0 0.517578125 0.466796875 0.048828125 0.060546875
0 0.37109375 0.4951171875 0.0400390625 0.037109375
0 0.1943359375 0.5048828125 0.0458984375 0.0400390625
0 0.478515625 0.46875 0.0390625 0.0439453125
0 0.6640625 0.46875 0.044921875 0.0400390625
0 0.591796875 0.48828125 0.0595703125 0.0654296875
1 0.2783203125 0.515625 0.0361328125 0.0517578125