4 0.3193359375 0.2314453125 0.1494140625 0.3017578125
4 0.765625 0.3193359375 0.0615234375 0.130859375
2 0.34765625 0.3837890625 0.21875 0.767578125
2 0.53515625 0.380859375 0.060546875 0.275390625
2 0.8310546875 0.37890625 0.078125 0.3544921875
2 0.6689453125 0.384765625 0.0419921875 0.1845703125
2 0.9658203125 0.375 0.0634765625 0.27734375
2 0.7724609375 0.3759765625 0.0869140625 0.3779296875
2 0.984375 0.3740234375 0.03125 0.2626953125
0 0.3251953125 0.0185546875 0.0615234375 0.03125
3 0.53515625 0.3466796875 0.041015625 0.0869140625
3 0.6708984375 0.359375 0.0263671875 0.060546875
0 0.53515625 0.2587890625 0.01953125 0.025390625
3 0.81640625 0.3134765625 0.0361328125 0.1240234375
0 0.826171875 0.2275390625 0.033203125 0.0400390625
0 0.7734375 0.228515625 0.03125 0.0390625
0 0.9541015625 0.2568359375 0.025390625 0.04296875
3 0.9599609375 0.33984375 0.0400390625 0.09765625
3 0.98828125 0.3330078125 0.01953125 0.091796875
0 0.9814453125 0.259765625 0.021484375 0.0283203125
0 0.669921875 0.3056640625 0.017578125 0.0263671875