4 0.4169921875 0.4912109375 0.08203125 0.2275390625
4 0.6162109375 0.4990234375 0.0947265625 0.1884765625
4 0.767578125 0.52734375 0.1162109375 0.2626953125
2 0.611328125 0.5986328125 0.1435546875 0.6064453125
2 0.3681640625 0.65625 0.1689453125 0.66015625
2 0.7470703125 0.6337890625 0.15234375 0.68359375
2 0.4462890625 0.572265625 0.1787109375 0.5478515625
2 0.8662109375 0.6357421875 0.025390625 0.1171875
2 0.830078125 0.5849609375 0.01953125 0.095703125
4 0.3291015625 0.5478515625 0.0849609375 0.208984375
4 0.8671875 0.6123046875 0.01953125 0.044921875
4 0.828125 0.5693359375 0.0146484375 0.0380859375
0 0.7412109375 0.33203125 0.068359375 0.0849609375
0 0.6103515625 0.32421875 0.060546875 0.056640625
0 0.416015625 0.3310546875 0.0625 0.068359375
0 0.3515625 0.3662109375 0.0693359375 0.0849609375