3 0.73828125 0.5 0.1103515625 0.2783203125
3 0.017578125 0.3359375 0.03515625 0.0908203125
3 0.1728515625 0.4443359375 0.08984375 0.28515625
3 0.3271484375 0.318359375 0.0595703125 0.0966796875
3 0.3818359375 0.4091796875 0.0869140625 0.279296875
3 0.533203125 0.36328125 0.095703125 0.2080078125
3 0.2666015625 0.4462890625 0.125 0.2705078125
3 0.4365234375 0.427734375 0.091796875 0.259765625
3 0.642578125 0.3798828125 0.0986328125 0.2314453125
2 0.7763671875 0.5986328125 0.2373046875 0.802734375
2 0.2646484375 0.5703125 0.1640625 0.8017578125
2 0.4345703125 0.552734375 0.142578125 0.7548828125
2 0.5322265625 0.501953125 0.115234375 0.7138671875
2 0.1708984375 0.513671875 0.09765625 0.630859375
2 0.376953125 0.4853515625 0.0966796875 0.6298828125
2 0.921875 0.4228515625 0.109375 0.4638671875
2 0.0810546875 0.353515625 0.05078125 0.2548828125
2 0.0205078125 0.34765625 0.041015625 0.21484375
3 0.08203125 0.3232421875 0.04296875 0.107421875
2 0.63671875 0.5361328125 0.1337890625 0.779296875
0 0.7177734375 0.2373046875 0.0732421875 0.0869140625
0 0.642578125 0.193359375 0.056640625 0.09765625
0 0.52734375 0.1748046875 0.0517578125 0.056640625
0 0.4453125 0.2255859375 0.05859375 0.087890625
0 0.392578125 0.2138671875 0.0478515625 0.0751953125
0 0.2724609375 0.2158203125 0.0615234375 0.1015625
0 0.1865234375 0.232421875 0.060546875 0.0595703125
0 0.9326171875 0.2177734375 0.0419921875 0.046875
3 0.9296875 0.3662109375 0.0625 0.1552734375
0 0.0791015625 0.23828125 0.021484375 0.02734375