4 0.6298828125 0.474609375 0.357421875 0.4404296875
2 0.6494140625 0.525390625 0.421875 0.9482421875
0 0.671875 0.1044921875 0.1845703125 0.10546875
2 0.095703125 0.291015625 0.123046875 0.2080078125
1 0.0927734375 0.205078125 0.0478515625 0.0361328125
3 0.0908203125 0.298828125 0.0986328125 0.0810546875
2 0.5087890625 0.3828125 0.11328125 0.390625
1 0.5234375 0.22265625 0.0703125 0.0712890625
3 0.4951171875 0.2724609375 0.0546875 0.056640625
3 0.96484375 0.337890625 0.060546875 0.1328125
1 0.986328125 0.228515625 0.021484375 0.0361328125
2 0.93359375 0.3720703125 0.130859375 0.5166015625