4 0.181640625 0.3544921875 0.21875 0.318359375
4 0.6376953125 0.3701171875 0.1865234375 0.232421875
4 0.8740234375 0.3779296875 0.1171875 0.224609375
4 0.755859375 0.4091796875 0.130859375 0.19140625
3 0.3349609375 0.423828125 0.1220703125 0.201171875
2 0.6708984375 0.474609375 0.267578125 0.6083984375
2 0.8583984375 0.47265625 0.1357421875 0.5712890625
2 0.359375 0.494140625 0.1640625 0.5029296875
2 0.2041015625 0.513671875 0.255859375 0.8720703125
2 0.7509765625 0.482421875 0.1435546875 0.4951171875
0 0.837890625 0.2138671875 0.0888671875 0.0517578125
0 0.3291015625 0.271484375 0.083984375 0.0556640625
0 0.26171875 0.138671875 0.1396484375 0.1171875
0 0.71875 0.2568359375 0.0751953125 0.044921875
0 0.6328125 0.2001953125 0.0888671875 0.0576171875