4 0.763671875 0.4892578125 0.076171875 0.1533203125
2 0.7646484375 0.5751953125 0.1162109375 0.431640625
2 0.501953125 0.5888671875 0.083984375 0.3642578125
2 0.3681640625 0.5615234375 0.076171875 0.2451171875
2 0.6689453125 0.5634765625 0.083984375 0.4423828125
2 0.923828125 0.630859375 0.083984375 0.431640625
2 0.0888671875 0.5556640625 0.07421875 0.2294921875
2 0.2763671875 0.546875 0.0400390625 0.240234375
2 0.2265625 0.5556640625 0.0439453125 0.2373046875
2 0.4462890625 0.5634765625 0.06640625 0.255859375
2 0.193359375 0.560546875 0.0576171875 0.2265625
3 0.9287109375 0.572265625 0.072265625 0.185546875
4 0.6708984375 0.4794921875 0.06640625 0.1318359375
3 0.5029296875 0.5537109375 0.0634765625 0.1416015625
3 0.4453125 0.5361328125 0.0458984375 0.0888671875
3 0.37109375 0.53515625 0.0517578125 0.10546875
3 0.2763671875 0.5087890625 0.041015625 0.099609375
3 0.2275390625 0.5224609375 0.0234375 0.103515625
3 0.1943359375 0.521484375 0.046875 0.087890625
3 0.0908203125 0.5029296875 0.044921875 0.0751953125
0 0.9208984375 0.4345703125 0.05078125 0.0400390625
0 0.6826171875 0.3642578125 0.0458984375 0.0419921875
0 0.501953125 0.4287109375 0.0498046875 0.04296875
0 0.787109375 0.3876953125 0.0712890625 0.056640625
0 0.4541015625 0.4619140625 0.0390625 0.03125
0 0.287109375 0.4306640625 0.0224609375 0.0224609375
0 0.1005859375 0.455078125 0.013671875 0.03125
0 0.193359375 0.4609375 0.0283203125 0.025390625
0 0.224609375 0.4501953125 0.0263671875 0.0263671875
0 0.3828125 0.4541015625 0.0380859375 0.03125