4 0.0693359375 0.18359375 0.099609375 0.15234375
4 0.2841796875 0.169921875 0.1748046875 0.1396484375
4 0.6748046875 0.1572265625 0.091796875 0.1376953125
4 0.931640625 0.091796875 0.05859375 0.0400390625
4 0.9462890625 0.1748046875 0.1015625 0.158203125
2 0.2861328125 0.20703125 0.1630859375 0.330078125
2 0.0751953125 0.234375 0.119140625 0.353515625
2 0.6943359375 0.1943359375 0.1259765625 0.3037109375
2 0.939453125 0.1748046875 0.119140625 0.2724609375
2 0.5537109375 0.1103515625 0.0732421875 0.1923828125
3 0.5546875 0.08984375 0.0537109375 0.05859375
0 0.0791015625 0.0732421875 0.0673828125 0.03515625
0 0.2685546875 0.0615234375 0.0556640625 0.0380859375
0 0.6982421875 0.060546875 0.0712890625 0.0390625
0 0.97265625 0.0595703125 0.046875 0.0419921875