3 0.408203125 0.52734375 0.091796875 0.2119140625
3 0.1826171875 0.53515625 0.1337890625 0.197265625
3 0.0517578125 0.5380859375 0.103515625 0.2392578125
3 0.3154296875 0.5361328125 0.1015625 0.2001953125
3 0.7470703125 0.5458984375 0.1220703125 0.236328125
3 0.8623046875 0.5556640625 0.1123046875 0.2392578125
3 0.58203125 0.572265625 0.107421875 0.169921875
2 0.18359375 0.6240234375 0.1337890625 0.5087890625
2 0.0556640625 0.6259765625 0.111328125 0.587890625
2 0.4013671875 0.609375 0.103515625 0.5
2 0.7333984375 0.646484375 0.1416015625 0.560546875
2 0.310546875 0.6201171875 0.1015625 0.521484375
2 0.8583984375 0.6708984375 0.1279296875 0.6455078125
2 0.5791015625 0.650390625 0.1142578125 0.4609375
1 0.85546875 0.37890625 0.0546875 0.0556640625
1 0.7333984375 0.3740234375 0.0478515625 0.0400390625
1 0.5859375 0.4482421875 0.0439453125 0.052734375
1 0.4091796875 0.380859375 0.04296875 0.0380859375
0 0.322265625 0.384765625 0.0595703125 0.056640625
1 0.193359375 0.388671875 0.0390625 0.0419921875
0 0.064453125 0.361328125 0.0634765625 0.048828125