3 0.0986328125 0.4912109375 0.1201171875 0.1884765625
3 0.7353515625 0.505859375 0.14453125 0.1884765625
3 0.544921875 0.5322265625 0.1318359375 0.2412109375
4 0.9150390625 0.537109375 0.1298828125 0.2587890625
3 0.23046875 0.5400390625 0.146484375 0.2470703125
2 0.2265625 0.611328125 0.1533203125 0.5615234375
2 0.0986328125 0.6044921875 0.1201171875 0.580078125
2 0.544921875 0.6142578125 0.134765625 0.591796875
2 0.736328125 0.6123046875 0.1572265625 0.578125
2 0.9140625 0.54296875 0.1279296875 0.466796875
2 0.4794921875 0.62890625 0.080078125 0.55859375
4 0.46875 0.5634765625 0.0595703125 0.2314453125
1 0.53515625 0.33984375 0.052734375 0.03515625
0 0.498046875 0.3818359375 0.0361328125 0.056640625
1 0.736328125 0.376953125 0.05078125 0.103515625
0 0.9111328125 0.341796875 0.0556640625 0.0556640625
1 0.1044921875 0.341796875 0.046875 0.0478515625
1 0.23046875 0.357421875 0.0517578125 0.0517578125