4 0.7412109375 0.724609375 0.2490234375 0.546875
4 0.494140625 0.7099609375 0.185546875 0.5654296875
2 0.4619140625 0.5947265625 0.2998046875 0.7890625
2 0.7568359375 0.587890625 0.439453125 0.8095703125
2 0.9375 0.6044921875 0.052734375 0.3759765625
2 0.8642578125 0.5107421875 0.0693359375 0.18359375
2 0.3544921875 0.5009765625 0.0205078125 0.12109375
2 0.875 0.51171875 0.0498046875 0.1806640625
3 0.9384765625 0.5673828125 0.0478515625 0.193359375
3 0.8834625 0.477341666015625 0.85584140625 0.476048611328125 0.85611953125 0.5053819453125 0.858021875 0.518720833984375 0.86383671875 0.5381180546875 0.87473984375 0.56656527734375 0.88636953125 0.60277222265625 0.90090703125 0.551048611328125 0.898 0.514841666015625 0.8834625 0.477341666015625
3 0.3525390625 0.490234375 0.01171875 0.056640625
1 0.6904296875 0.3408203125 0.126953125 0.3134765625
1 0.4736328125 0.322265625 0.0986328125 0.2294921875
0 0.3544921875 0.4541015625 0.013671875 0.021484375
1 0.9306640625 0.4462890625 0.03125 0.0537109375
1 0.8681640625 0.4521484375 0.0322265625 0.0615234375