4 0.8916015625 0.234375 0.060546875 0.1259765625
4 0.8154296875 0.2158203125 0.0634765625 0.125
4 0.59375 0.2568359375 0.18359375 0.3310546875
4 0.078125 0.185546875 0.0771484375 0.1640625
2 0.091796875 0.251953125 0.111328125 0.384765625
2 0.888671875 0.2958984375 0.0634765625 0.36328125
2 0.8212890625 0.28125 0.072265625 0.3564453125
2 0.5322265625 0.45703125 0.337890625 0.90234375
2 0.9482421875 0.154296875 0.03125 0.14453125
2 0.8583984375 0.134765625 0.021484375 0.09375
3 0.947265625 0.134765625 0.025390625 0.05859375
1 0.0859375 0.0849609375 0.037109375 0.05078125
1 0.5380859375 0.0693359375 0.0869140625 0.1328125
1 0.951171875 0.09375 0.013671875 0.0234375
1 0.814453125 0.1279296875 0.0283203125 0.046875
1 0.884765625 0.1474609375 0.029296875 0.0498046875