4 0.396484375 0.544921875 0.111328125 0.4189453125
4 0.5556640625 0.5595703125 0.1142578125 0.3251953125
4 0.9208984375 0.595703125 0.1435546875 0.3095703125
4 0.2060546875 0.603515625 0.1845703125 0.650390625
4 0.716796875 0.677734375 0.138671875 0.314453125
2 0.908203125 0.6337890625 0.1826171875 0.732421875
2 0.7138671875 0.6923828125 0.166015625 0.6142578125
2 0.21875 0.521484375 0.21875 0.9560546875
2 0.5400390625 0.654296875 0.1533203125 0.689453125
2 0.3896484375 0.6005859375 0.169921875 0.7958984375
0 0.9375 0.345703125 0.080078125 0.1474609375
0 0.4228515625 0.28515625 0.0830078125 0.158203125
0 0.57421875 0.388671875 0.0693359375 0.1435546875
0 0.2412109375 0.1591796875 0.13671875 0.2265625
0 0.7314453125 0.4658203125 0.078125 0.16796875