4 0.720703125 0.359375 0.1875 0.34375
4 0.16796875 0.3642578125 0.1435546875 0.3369140625
2 0.716796875 0.5361328125 0.263671875 0.9150390625
2 0.2216796875 0.5283203125 0.291015625 0.9306640625
2 0.9140625 0.76953125 0.1708984375 0.453125
2 0.3525390625 0.5810546875 0.1435546875 0.83203125
4 0.3427734375 0.486328125 0.1162109375 0.3525390625
4 0.9228515625 0.6396484375 0.146484375 0.1689453125
0 0.8095703125 0.1533203125 0.07421875 0.15625
0 0.2197265625 0.134765625 0.0791015625 0.1416015625
0 0.34765625 0.1953125 0.0712890625 0.0703125