4 0.1748046875 0.3740234375 0.109375 0.3515625
4 0.3125 0.3916015625 0.0966796875 0.2548828125
4 0.703125 0.392578125 0.0966796875 0.2294921875
4 0.431640625 0.3994140625 0.0859375 0.2001953125
4 0.5537109375 0.46875 0.099609375 0.2216796875
4 0.865234375 0.546875 0.091796875 0.267578125
2 0.5517578125 0.5126953125 0.123046875 0.5048828125
2 0.849609375 0.603515625 0.1484375 0.5888671875
2 0.3056640625 0.462890625 0.1435546875 0.6044921875
2 0.427734375 0.4755859375 0.1064453125 0.5341796875
2 0.189453125 0.4912109375 0.1455078125 0.869140625
2 0.6962890625 0.501953125 0.142578125 0.6328125
0 0.71484375 0.201171875 0.0419921875 0.0654296875
0 0.87890625 0.3486328125 0.05078125 0.072265625
0 0.568359375 0.2900390625 0.041015625 0.0546875
0 0.3330078125 0.20703125 0.044921875 0.087890625
0 0.439453125 0.25390625 0.04296875 0.0830078125
0 0.189453125 0.095703125 0.0693359375 0.06640625