4 0.396484375 0.544921875 0.111328125 0.4189453125
4 0.5556640625 0.57421875 0.1142578125 0.2890625
4 0.919921875 0.583984375 0.142578125 0.3330078125
4 0.2060546875 0.603515625 0.1845703125 0.650390625
4 0.7060546875 0.671875 0.1220703125 0.322265625
2 0.908203125 0.6328125 0.1826171875 0.732421875
2 0.7138671875 0.69140625 0.166015625 0.615234375
2 0.21875 0.521484375 0.2158203125 0.955078125
2 0.5400390625 0.654296875 0.1533203125 0.689453125
2 0.390625 0.599609375 0.1689453125 0.7978515625
0 0.732421875 0.466796875 0.078125 0.1669921875
0 0.2412109375 0.1533203125 0.1337890625 0.21875
0 0.5703125 0.3974609375 0.0791015625 0.1669921875
0 0.9375 0.361328125 0.07421875 0.17578125
0 0.4287109375 0.294921875 0.072265625 0.1708984375