4 0.6904296875 0.5234375 0.072265625 0.185546875
4 0.5625 0.572265625 0.0625 0.1591796875
4 0.3173828125 0.580078125 0.0830078125 0.2294921875
4 0.9169921875 0.662109375 0.1171875 0.298828125
4 0.447265625 0.6640625 0.1484375 0.416015625
2 0.916015625 0.69921875 0.1669921875 0.599609375
2 0.3154296875 0.654296875 0.115234375 0.5361328125
2 0.689453125 0.59765625 0.111328125 0.486328125
2 0.451171875 0.642578125 0.2080078125 0.712890625
2 0.564453125 0.6123046875 0.072265625 0.3642578125
0 0.3134765625 0.4228515625 0.0419921875 0.0654296875
0 0.455078125 0.3671875 0.076171875 0.158203125
0 0.6904296875 0.376953125 0.033203125 0.0458984375
0 0.560546875 0.447265625 0.0283203125 0.0341796875
0 0.923828125 0.431640625 0.0546875 0.0576171875