4 0.5068359375 0.4150390625 0.07421875 0.205078125
4 0.677734375 0.4306640625 0.103515625 0.22265625
2 0.6806640625 0.5517578125 0.115234375 0.642578125
2 0.921875 0.62109375 0.1552734375 0.7509765625
2 0.517578125 0.544921875 0.1103515625 0.64453125
2 0.22265625 0.6630859375 0.123046875 0.662109375
2 0.8349609375 0.611328125 0.10546875 0.65234375
2 0.33203125 0.5205078125 0.0986328125 0.470703125
2 0.0791015625 0.56640625 0.0908203125 0.5712890625
2 0.4033203125 0.498046875 0.0732421875 0.4345703125
2 0.0283203125 0.609375 0.0556640625 0.6162109375
2 0.150390625 0.5322265625 0.0732421875 0.4169921875
2 0.759765625 0.5205078125 0.0849609375 0.4736328125
2 0.595703125 0.4384765625 0.056640625 0.3134765625
2 0.2490234375 0.390625 0.0615234375 0.1806640625
2 0.8232421875 0.3251953125 0.052734375 0.1748046875
2 0.4541015625 0.4609375 0.0439453125 0.3291015625
3 0.9267578125 0.51953125 0.1357421875 0.2802734375
3 0.8359375 0.5224609375 0.07421875 0.2294921875
3 0.7587890625 0.4580078125 0.0546875 0.2080078125
3 0.595703125 0.4140625 0.044921875 0.1865234375
3 0.400390625 0.4375 0.048828125 0.1533203125
3 0.3291015625 0.4501953125 0.0693359375 0.2119140625
3 0.2236328125 0.5732421875 0.1005859375 0.25
3 0.154296875 0.4677734375 0.060546875 0.1845703125
3 0.0771484375 0.5048828125 0.068359375 0.2373046875
3 0.021484375 0.466796875 0.041015625 0.279296875
3 0.255859375 0.400390625 0.046875 0.087890625
3 0.4580078125 0.3994140625 0.03515625 0.12890625
1 0.93359375 0.3056640625 0.046875 0.1162109375
1 0.8515625 0.3330078125 0.0400390625 0.091796875
1 0.83203125 0.2822265625 0.03515625 0.0849609375
1 0.759765625 0.326171875 0.037109375 0.0830078125
1 0.6787109375 0.2685546875 0.0439453125 0.0830078125
1 0.5244140625 0.26953125 0.0439453125 0.1044921875
1 0.4013671875 0.3173828125 0.02734375 0.0634765625
1 0.46484375 0.3203125 0.0205078125 0.0546875
1 0.337890625 0.3271484375 0.0283203125 0.0751953125
1 0.2333984375 0.330078125 0.0283203125 0.0625
1 0.2109375 0.38671875 0.044921875 0.1025390625
1 0.1669921875 0.3564453125 0.0390625 0.068359375
1 0.056640625 0.330078125 0.0361328125 0.095703125
1 0.5947265625 0.2978515625 0.0205078125 0.04296875