4 0.0810546875 0.1982421875 0.0849609375 0.166015625
4 0.8212890625 0.234375 0.0849609375 0.1435546875
4 0.8955078125 0.25 0.060546875 0.162109375
4 0.5927734375 0.3046875 0.212890625 0.3466796875
2 0.091796875 0.251953125 0.111328125 0.384765625
2 0.888671875 0.296875 0.0634765625 0.3623046875
2 0.8212890625 0.28125 0.0732421875 0.357421875
2 0.529296875 0.4580078125 0.341796875 0.9091796875
2 0.9482421875 0.154296875 0.03125 0.1435546875
3 0.9501953125 0.1337890625 0.021484375 0.0546875
1 0.087890625 0.0908203125 0.0380859375 0.0478515625
1 0.541015625 0.0751953125 0.0927734375 0.1298828125
1 0.8837890625 0.1416015625 0.03515625 0.0576171875
1 0.814453125 0.134765625 0.0283203125 0.0615234375
1 0.953125 0.08984375 0.0126953125 0.0205078125