3 0.5791015625 0.4814453125 0.1298828125 0.2431640625
3 0.3525390625 0.490234375 0.0966796875 0.1494140625
3 0.462890625 0.5078125 0.1171875 0.1953125
3 0.6865234375 0.5341796875 0.1123046875 0.2265625
2 0.580078125 0.560546875 0.12890625 0.5830078125
2 0.462890625 0.5888671875 0.1220703125 0.5087890625
2 0.6806640625 0.609375 0.1220703125 0.541015625
2 0.3505859375 0.603515625 0.109375 0.5224609375
1 0.681640625 0.3837890625 0.046875 0.0830078125
1 0.3564453125 0.376953125 0.0380859375 0.0654296875
1 0.4638671875 0.375 0.044921875 0.083984375
1 0.578125 0.2978515625 0.052734375 0.0517578125