4 0.564453125 0.0625 0.0732421875 0.125
2 0.693359375 0.5400390625 0.171875 0.81640625
2 0.5634765625 0.15234375 0.068359375 0.3046875
2 0.4560546875 0.19140625 0.087890625 0.3818359375
2 0.939453125 0.3291015625 0.1201171875 0.6572265625
2 0.8701171875 0.263671875 0.1044921875 0.5205078125
3 0.6923828125 0.41015625 0.111328125 0.2080078125
3 0.96484375 0.208984375 0.06640625 0.21875
3 0.892578125 0.1669921875 0.0712890625 0.15625
3 0.4541015625 0.0654296875 0.0654296875 0.115234375
1 0.6943359375 0.2099609375 0.0546875 0.142578125
1 0.8916015625 0.048828125 0.0380859375 0.095703125