4 0.171875 0.501953125 0.103515625 0.2705078125
4 0.640625 0.5458984375 0.1552734375 0.333984375
4 0.94921875 0.572265625 0.1015625 0.3291015625
4 0.310546875 0.572265625 0.2353515625 0.353515625
4 0.8271484375 0.58984375 0.1533203125 0.3369140625
2 0.2890625 0.6171875 0.283203125 0.7490234375
2 0.8212890625 0.6337890625 0.1650390625 0.720703125
2 0.64453125 0.59375 0.1630859375 0.7958984375
2 0.943359375 0.623046875 0.11328125 0.7421875
2 0.173828125 0.505859375 0.099609375 0.490234375
0 0.966796875 0.29296875 0.06640625 0.0830078125
0 0.8193359375 0.3251953125 0.103515625 0.095703125
0 0.6123046875 0.2509765625 0.11328125 0.1044921875
0 0.28515625 0.287109375 0.0859375 0.0888671875
0 0.15625 0.291015625 0.05859375 0.060546875