4 0.859375 0.4677734375 0.1328125 0.2109375
4 0.083984375 0.4814453125 0.16796875 0.326171875
4 0.2607421875 0.4814453125 0.142578125 0.2451171875
4 0.5712890625 0.560546875 0.171875 0.3408203125
4 0.4091796875 0.76171875 0.201171875 0.447265625
2 0.86328125 0.4931640625 0.224609375 0.537109375
2 0.5625 0.6142578125 0.1875 0.771484375
2 0.0859375 0.5830078125 0.16796875 0.833984375
2 0.2705078125 0.583984375 0.1884765625 0.830078125
2 0.3798828125 0.650390625 0.2646484375 0.69921875
0 0.044921875 0.2568359375 0.0859375 0.173828125
0 0.384765625 0.404296875 0.1240234375 0.193359375
0 0.2470703125 0.2568359375 0.0888671875 0.1513671875
0 0.859375 0.267578125 0.0673828125 0.080078125
0 0.564453125 0.2890625 0.078125 0.111328125