4 0.373046875 0.6357421875 0.1123046875 0.298828125
4 0.5712890625 0.630859375 0.087890625 0.2587890625
2 0.5517578125 0.6943359375 0.123046875 0.6044921875
2 0.380859375 0.685546875 0.1240234375 0.615234375
2 0.736328125 0.6748046875 0.0654296875 0.28515625
2 0.2001953125 0.607421875 0.0244140625 0.12109375
2 0.08984375 0.6201171875 0.0517578125 0.181640625
2 0.0390625 0.591796875 0.01953125 0.0712890625
2 0.484375 0.595703125 0.015625 0.0595703125
3 0.734375 0.634765625 0.04296875 0.115234375
3 0.2001953125 0.587890625 0.015625 0.0419921875
3 0.0947265625 0.6015625 0.0341796875 0.0888671875
3 0.0390625 0.5830078125 0.0126953125 0.0322265625
3 0.484375 0.5859375 0.01171875 0.0244140625
1 0.734375 0.556640625 0.021484375 0.0517578125
1 0.55859375 0.44921875 0.0576171875 0.1044921875
1 0.39453125 0.4306640625 0.0517578125 0.1064453125
1 0.197265625 0.5576171875 0.0087890625 0.0205078125
1 0.0966796875 0.5419921875 0.015625 0.0244140625
1 0.0361328125 0.5615234375 0.0068359375 0.0087890625
1 0.4833984375 0.5712890625 0.0048828125 0.009765625