4 0.6875 0.3828125 0.068359375 0.1904296875
2 0.67578125 0.4765625 0.134765625 0.5400390625
2 0.37890625 0.5087890625 0.3173828125 0.552734375
2 0.2119140625 0.4892578125 0.099609375 0.4736328125
2 0.318359375 0.4541015625 0.013671875 0.0595703125
0 0.66796875 0.2470703125 0.046875 0.0791015625
0 0.3662109375 0.27734375 0.056640625 0.0947265625
3 0.359840625 0.3870694453125 0.4117671875 0.5166319453125 0.47826953125 0.4631875 0.43454140625 0.344961111328125 0.40265703125 0.306091666015625 0.3844375 0.3465805546875 0.34799765625 0.34172222265625 0.359840625 0.3870694453125
3 0.22865859375 0.44537222265625 0.2496109375 0.41945972265625 0.2423234375 0.356298611328125 0.2423234375 0.3239069453125 0.23776796875 0.2947555546875 0.224103125 0.28989722265625 0.20952734375 0.28989722265625 0.186753125 0.33038472265625 0.17399921875 0.44537222265625 0.20041796875 0.44375277734375 0.22865859375 0.44537222265625
0 0.236328125 0.2783203125 0.0439453125 0.052734375
0 0.3203125 0.4306640625 0.0078125 0.013671875