3 0.294921875 0.4267578125 0.029296875 0.0791015625
3 0.369140625 0.4306640625 0.0302734375 0.0771484375
3 0.2255859375 0.4365234375 0.025390625 0.076171875
3 0.4677734375 0.4404296875 0.0322265625 0.0771484375
3 0.1865234375 0.4560546875 0.0322265625 0.080078125
2 0.1865234375 0.470703125 0.0322265625 0.16015625
2 0.2255859375 0.4501953125 0.02734375 0.1591796875
2 0.3671875 0.447265625 0.0341796875 0.1552734375
2 0.46484375 0.4521484375 0.0380859375 0.142578125
2 0.294921875 0.435546875 0.02734375 0.1552734375
0 0.4619140625 0.390625 0.013671875 0.0244140625
0 0.3671875 0.3798828125 0.01171875 0.01953125
0 0.2919921875 0.37109375 0.01171875 0.0224609375
0 0.22265625 0.3798828125 0.0146484375 0.021484375
0 0.181640625 0.4033203125 0.0126953125 0.01953125