4 0.41796875 0.568359375 0.0732421875 0.19140625
4 0.544921875 0.53125 0.0751953125 0.20703125
2 0.416015625 0.6806640625 0.0986328125 0.5947265625
2 0.54296875 0.6611328125 0.126953125 0.662109375
2 0.31640625 0.6787109375 0.0458984375 0.2490234375
2 0.9208984375 0.693359375 0.083984375 0.3212890625
2 0.2578125 0.6826171875 0.0546875 0.2294921875
2 0.291015625 0.693359375 0.029296875 0.2080078125
2 0.107421875 0.681640625 0.017578125 0.0615234375
2 0.669921875 0.7158203125 0.013671875 0.0615234375
3 0.9189453125 0.6328125 0.0576171875 0.1181640625
3 0.3203125 0.6396484375 0.033203125 0.109375
3 0.2578125 0.6572265625 0.044921875 0.103515625
3 0.2939453125 0.6611328125 0.0224609375 0.0703125
3 0.109375 0.66796875 0.0107421875 0.0205078125
3 0.6708984375 0.70703125 0.0078125 0.021484375
1 0.9150390625 0.55859375 0.0234375 0.05078125
1 0.5458984375 0.3798828125 0.0380859375 0.103515625
1 0.4189453125 0.427734375 0.0322265625 0.0908203125
1 0.3173828125 0.5712890625 0.0166015625 0.037109375
1 0.26171875 0.5859375 0.0185546875 0.04296875
1 0.294921875 0.6083984375 0.01171875 0.0390625
1 0.66796875 0.69140625 0.0068359375 0.009765625