3 0.50390625 0.5224609375 0.103515625 0.21875
3 0.2412109375 0.6044921875 0.177734375 0.37109375
3 0.73828125 0.6181640625 0.15625 0.2607421875
3 0.6142578125 0.623046875 0.15234375 0.3115234375
3 0.900390625 0.6513671875 0.171875 0.2900390625
3 0.4189453125 0.666015625 0.173828125 0.2900390625
2 0.728515625 0.6904296875 0.1640625 0.6103515625
2 0.4599609375 0.685546875 0.2421875 0.6201171875
2 0.625 0.6650390625 0.1982421875 0.662109375
2 0.2880859375 0.6328125 0.259765625 0.724609375
2 0.890625 0.6689453125 0.16796875 0.5869140625
2 0.513671875 0.4375 0.1103515625 0.251953125
0 0.2861328125 0.3310546875 0.10546875 0.119140625
0 0.9033203125 0.4130859375 0.0654296875 0.06640625
0 0.630859375 0.3837890625 0.0859375 0.1015625
0 0.4130859375 0.4267578125 0.0791015625 0.1025390625
0 0.5244140625 0.345703125 0.0546875 0.0615234375
0 0.7265625 0.4423828125 0.0751953125 0.1171875