3 0.7919921875 0.544921875 0.0634765625 0.1572265625
3 0.6845703125 0.5478515625 0.0595703125 0.14453125
3 0.2861328125 0.5791015625 0.0712890625 0.134765625
3 0.4833984375 0.6171875 0.0634765625 0.1220703125
2 0.78125 0.57421875 0.09375 0.3759765625
2 0.6845703125 0.6025390625 0.091796875 0.4111328125
2 0.474609375 0.625 0.0947265625 0.4208984375
2 0.28515625 0.5966796875 0.091796875 0.392578125
2 0.0712890625 0.65234375 0.0654296875 0.2216796875
3 0.0625 0.6455078125 0.0400390625 0.0908203125
0 0.814453125 0.4140625 0.0322265625 0.064453125
0 0.7119140625 0.4267578125 0.029296875 0.0625
0 0.4658203125 0.45703125 0.0458984375 0.091796875
0 0.2822265625 0.4423828125 0.041015625 0.080078125
0 0.068359375 0.564453125 0.02734375 0.052734375