4 0.228515625 0.66796875 0.107421875 0.2109375
4 0.34375 0.6640625 0.078125 0.197265625
4 0.484375 0.6552734375 0.123046875 0.2041015625
4 0.62109375 0.673828125 0.080078125 0.1982421875
2 0.34765625 0.75 0.111328125 0.4873046875
2 0.486328125 0.744140625 0.1240234375 0.50390625
2 0.228515625 0.748046875 0.1083984375 0.490234375
2 0.623046875 0.74609375 0.09765625 0.490234375
1 0.6181640625 0.55078125 0.0390625 0.0849609375
1 0.4833984375 0.5224609375 0.037109375 0.0546875
1 0.337890625 0.5380859375 0.03125 0.0771484375
1 0.22265625 0.52734375 0.0322265625 0.060546875