3 0.140625 0.740234375 0.154296875 0.4560546875
3 0.7451171875 0.7451171875 0.2578125 0.380859375
3 0.4267578125 0.8046875 0.185546875 0.390625
2 0.4248046875 0.7177734375 0.1943359375 0.5625
2 0.1435546875 0.6689453125 0.2158203125 0.658203125
2 0.7578125 0.6708984375 0.2783203125 0.65625
2 0.255859375 0.7421875 0.1357421875 0.5146484375
3 0.263671875 0.8095703125 0.0986328125 0.3447265625
0 0.6953125 0.4892578125 0.0947265625 0.111328125
0 0.4169921875 0.5048828125 0.12109375 0.12109375
0 0.2568359375 0.5341796875 0.091796875 0.09765625
0 0.1806640625 0.3955078125 0.103515625 0.1025390625