3 0.7646484375 0.369140625 0.111328125 0.189453125
3 0.408203125 0.373046875 0.1376953125 0.22265625
3 0.4853515625 0.388671875 0.0888671875 0.2490234375
3 0.609375 0.3935546875 0.1982421875 0.326171875
2 0.611328125 0.5224609375 0.1953125 0.830078125
2 0.4072265625 0.453125 0.1376953125 0.5478515625
2 0.7626953125 0.4423828125 0.11328125 0.47265625
2 0.4853515625 0.4248046875 0.0869140625 0.42578125
1 0.61328125 0.14453125 0.060546875 0.068359375
1 0.7705078125 0.236328125 0.03515625 0.0615234375
1 0.404296875 0.2314453125 0.048828125 0.10546875
1 0.4775390625 0.236328125 0.037109375 0.0595703125