3 0.451171875 0.4111328125 0.1416015625 0.2080078125
3 0.6962890625 0.44140625 0.15625 0.232421875
3 0.2841796875 0.4443359375 0.18359375 0.205078125
3 0.16796875 0.5283203125 0.244140625 0.373046875
2 0.1494140625 0.5693359375 0.2978515625 0.8564453125
2 0.646484375 0.5849609375 0.255859375 0.7763671875
2 0.2919921875 0.5771484375 0.1884765625 0.72265625
2 0.462890625 0.51171875 0.166015625 0.6318359375
0 0.45703125 0.224609375 0.0634765625 0.0517578125
1 0.251953125 0.26953125 0.080078125 0.1025390625
1 0.0830078125 0.224609375 0.138671875 0.16796875
1 0.669921875 0.2587890625 0.083984375 0.126953125