3 0.919921875 0.611328125 0.13671875 0.3330078125
3 0.3232421875 0.642578125 0.0625 0.1376953125
3 0.080078125 0.6484375 0.0439453125 0.095703125
3 0.4677734375 0.6533203125 0.078125 0.1767578125
3 0.2529296875 0.6591796875 0.0517578125 0.1416015625
3 0.185546875 0.669921875 0.0419921875 0.1142578125
3 0.6533203125 0.6708984375 0.0966796875 0.2373046875
2 0.916015625 0.6416015625 0.1640625 0.6787109375
2 0.6591796875 0.67578125 0.146484375 0.4833984375
2 0.4677734375 0.6767578125 0.1123046875 0.4140625
2 0.1806640625 0.6865234375 0.06640625 0.2646484375
2 0.31640625 0.6787109375 0.07421875 0.3388671875
2 0.25390625 0.6865234375 0.072265625 0.3125
2 0.078125 0.6806640625 0.0478515625 0.2314453125
0 0.876953125 0.36328125 0.076171875 0.1171875
0 0.6357421875 0.4677734375 0.0654296875 0.0703125
0 0.435546875 0.501953125 0.0458984375 0.05859375
0 0.2998046875 0.53515625 0.037109375 0.05859375
0 0.2412109375 0.5537109375 0.029296875 0.0439453125
0 0.169921875 0.57421875 0.0302734375 0.04296875
0 0.06640625 0.583984375 0.0234375 0.0390625