4 0.162109375 0.4111328125 0.185546875 0.3955078125
4 0.34375 0.44140625 0.126953125 0.271484375
4 0.7265625 0.458984375 0.154296875 0.3671875
4 0.5205078125 0.5361328125 0.1376953125 0.3251953125
4 0.9443359375 0.654296875 0.107421875 0.451171875
2 0.9267578125 0.650390625 0.1455078125 0.6953125
2 0.5107421875 0.609375 0.177734375 0.7373046875
2 0.3427734375 0.556640625 0.154296875 0.7578125
2 0.720703125 0.5517578125 0.2001953125 0.8935546875
2 0.1474609375 0.5224609375 0.2265625 0.9013671875
0 0.185546875 0.1357421875 0.0712890625 0.1259765625
0 0.357421875 0.2392578125 0.0634765625 0.12109375
0 0.53515625 0.2958984375 0.0576171875 0.1005859375
0 0.74609375 0.15625 0.06640625 0.09375
0 0.98046875 0.396484375 0.0380859375 0.19140625