3 0.1474609375 0.5546875 0.220703125 0.353515625
3 0.6103515625 0.5625 0.1259765625 0.3017578125
3 0.39453125 0.58984375 0.15625 0.330078125
3 0.8671875 0.7080078125 0.1201171875 0.2705078125
2 0.1455078125 0.552734375 0.2314453125 0.6298828125
2 0.8349609375 0.646484375 0.1845703125 0.4736328125
2 0.609375 0.5625 0.17578125 0.5107421875
2 0.376953125 0.5771484375 0.16796875 0.537109375
0 0.8740234375 0.453125 0.09375 0.0966796875
0 0.095703125 0.2978515625 0.08984375 0.1240234375
0 0.3671875 0.3701171875 0.080078125 0.1083984375
0 0.6259765625 0.3486328125 0.06640625 0.0849609375