4 0.150390625 0.5205078125 0.283203125 0.62890625
4 0.693359375 0.66015625 0.2744140625 0.634765625
4 0.9296875 0.6982421875 0.140625 0.583984375
4 0.451171875 0.7099609375 0.2412109375 0.580078125
2 0.162109375 0.498046875 0.3232421875 0.9814453125
2 0.697265625 0.509765625 0.3076171875 0.9560546875
2 0.447265625 0.578125 0.2568359375 0.814453125
2 0.330078125 0.541015625 0.2109375 0.8955078125
2 0.892578125 0.5712890625 0.2138671875 0.8427734375
2 0.90234375 0.37890625 0.12890625 0.419921875
1 0.1669921875 0.12109375 0.0986328125 0.236328125
0 0.2939453125 0.1806640625 0.1318359375 0.16015625
0 0.48046875 0.27734375 0.1328125 0.208984375
0 0.6279296875 0.1279296875 0.142578125 0.189453125
0 0.923828125 0.23046875 0.0888671875 0.1318359375
0 0.966796875 0.2333984375 0.0654296875 0.14453125