4 0.458984375 0.41015625 0.099609375 0.357421875
4 0.638671875 0.4794921875 0.1064453125 0.283203125
4 0.373046875 0.501953125 0.0517578125 0.1533203125
4 0.25 0.513671875 0.056640625 0.158203125
4 0.572265625 0.509765625 0.0390625 0.1455078125
2 0.646484375 0.59375 0.1904296875 0.7138671875
2 0.2626953125 0.5517578125 0.115234375 0.3671875
2 0.376953125 0.59375 0.0595703125 0.259765625
2 0.376953125 0.5419921875 0.056640625 0.380859375
2 0.462890625 0.5498046875 0.1982421875 0.900390625
1 0.4736328125 0.1923828125 0.078125 0.1591796875
0 0.2529296875 0.3857421875 0.0380859375 0.0341796875
1 0.6435546875 0.2939453125 0.048828125 0.091796875
0 0.37109375 0.388671875 0.0302734375 0.0361328125