4 0.306640625 0.3759765625 0.0869140625 0.27734375
4 0.7265625 0.3974609375 0.0986328125 0.2587890625
2 0.5283203125 0.537109375 0.1396484375 0.720703125
2 0.328125 0.5185546875 0.12890625 0.7822265625
2 0.708984375 0.53515625 0.1376953125 0.74609375
3 0.525390625 0.4150390625 0.119140625 0.2412109375
2 0.2216796875 0.599609375 0.125 0.4375
3 0.2685546875 0.5478515625 0.017578125 0.1748046875
1 0.6943359375 0.2216796875 0.0537109375 0.109375
1 0.533203125 0.23046875 0.0458984375 0.0947265625
1 0.3349609375 0.18359375 0.0458984375 0.1025390625
1 0.24609375 0.427734375 0.0478515625 0.0869140625