3 0.095703125 0.52734375 0.033203125 0.1083984375
3 0.28515625 0.5576171875 0.0390625 0.1015625
3 0.431640625 0.5908203125 0.0595703125 0.140625
3 0.4990234375 0.6162109375 0.080078125 0.177734375
3 0.9443359375 0.7958984375 0.111328125 0.404296875
2 0.9453125 0.689453125 0.107421875 0.609375
2 0.51171875 0.705078125 0.1083984375 0.52734375
2 0.291015625 0.5947265625 0.08203125 0.28515625
2 0.1015625 0.572265625 0.052734375 0.27734375
2 0.4345703125 0.6416015625 0.0732421875 0.3447265625
0 0.505859375 0.46484375 0.04296875 0.0498046875
1 0.435546875 0.484375 0.0244140625 0.033203125
0 0.29296875 0.4677734375 0.0244140625 0.0283203125
1 0.0947265625 0.4482421875 0.01953125 0.02734375
1 0.982421875 0.455078125 0.03515625 0.158203125