4 0.9267578125 0.361328125 0.146484375 0.2890625
4 0.5166015625 0.458984375 0.115234375 0.2177734375
4 0.70703125 0.4609375 0.1455078125 0.2626953125
4 0.306640625 0.46484375 0.1376953125 0.240234375
4 0.076171875 0.486328125 0.1435546875 0.287109375
2 0.2978515625 0.548828125 0.1474609375 0.6201171875
2 0.07421875 0.54296875 0.1474609375 0.66015625
2 0.6962890625 0.5400390625 0.1572265625 0.66015625
2 0.501953125 0.5439453125 0.1640625 0.6103515625
2 0.9072265625 0.49609375 0.18359375 0.822265625
0 0.8955078125 0.134765625 0.0771484375 0.103515625
0 0.697265625 0.240234375 0.076171875 0.0625
0 0.5009765625 0.2685546875 0.060546875 0.0654296875
0 0.30078125 0.271484375 0.0673828125 0.0654296875
0 0.0341796875 0.255859375 0.0673828125 0.0791015625