4 0.796875 0.5634765625 0.0263671875 0.0478515625
4 0.75 0.56640625 0.04296875 0.0673828125
4 0.7080078125 0.56640625 0.046875 0.087890625
4 0.494140625 0.5654296875 0.126953125 0.1748046875
4 0.65625 0.56640625 0.0595703125 0.1025390625
4 0.591796875 0.5751953125 0.06640625 0.10546875
2 0.4912109375 0.6826171875 0.146484375 0.5927734375
2 0.70703125 0.5966796875 0.0498046875 0.22265625
2 0.6552734375 0.599609375 0.0615234375 0.2626953125
2 0.59375 0.6298828125 0.068359375 0.33984375
2 0.794921875 0.58203125 0.033203125 0.1396484375
2 0.7470703125 0.587890625 0.0419921875 0.1826171875
2 0.7685546875 0.5859375 0.03125 0.1650390625
0 0.59375 0.4814453125 0.0302734375 0.0361328125
0 0.498046875 0.4150390625 0.0478515625 0.05078125
0 0.7041015625 0.5 0.021484375 0.0224609375
0 0.7431640625 0.51171875 0.01953125 0.021484375
0 0.76953125 0.5166015625 0.0166015625 0.017578125
0 0.7880859375 0.5244140625 0.0166015625 0.0166015625
0 0.6552734375 0.482421875 0.0244140625 0.0224609375