4 0.2841796875 0.5859375 0.140625 0.3330078125
4 0.486328125 0.5751953125 0.138671875 0.328125
4 0.666015625 0.6640625 0.193359375 0.5166015625
4 0.8408203125 0.7197265625 0.3115234375 0.548828125
2 0.84375 0.498046875 0.310546875 0.982421875
2 0.287109375 0.6298828125 0.189453125 0.7265625
2 0.498046875 0.6279296875 0.1953125 0.7294921875
2 0.1201171875 0.66796875 0.240234375 0.6416015625
2 0.6474609375 0.6005859375 0.216796875 0.7763671875
0 0.8447265625 0.130859375 0.3056640625 0.2490234375
0 0.642578125 0.27734375 0.13671875 0.125
0 0.4912109375 0.302734375 0.07421875 0.09375
0 0.2890625 0.30859375 0.078125 0.09765625