4 0.498046875 0.6923828125 0.046875 0.162109375
2 0.9072265625 0.7294921875 0.18359375 0.5322265625
2 0.265625 0.806640625 0.1591796875 0.380859375
2 0.1220703125 0.826171875 0.19140625 0.3427734375
2 0.3818359375 0.662109375 0.04296875 0.1669921875
2 0.34375 0.673828125 0.0576171875 0.154296875
2 0.546875 0.7294921875 0.0751953125 0.2109375
3 0.916015625 0.8544921875 0.16796875 0.2666015625
3 0.548828125 0.748046875 0.0556640625 0.125
3 0.2666015625 0.8837890625 0.125 0.2216796875
3 0.1220703125 0.92578125 0.1357421875 0.1484375
3 0.3447265625 0.6962890625 0.0390625 0.0947265625
3 0.3818359375 0.6875 0.0390625 0.095703125
2 0.505859375 0.7060546875 0.0673828125 0.2939453125
1 0.96484375 0.60546875 0.0703125 0.29296875
1 0.5439453125 0.6484375 0.037109375 0.0478515625
1 0.521484375 0.5869140625 0.03515625 0.0576171875
1 0.375 0.6044921875 0.029296875 0.0556640625
1 0.26171875 0.6865234375 0.080078125 0.1435546875
1 0.1337890625 0.724609375 0.1064453125 0.142578125