4 0.6708984375 0.5263671875 0.0732421875 0.1513671875
4 0.751953125 0.54296875 0.080078125 0.158203125
4 0.3095703125 0.5556640625 0.09375 0.1630859375
4 0.1767578125 0.572265625 0.08984375 0.169921875
2 0.171875 0.625 0.1025390625 0.3515625
2 0.3134765625 0.591796875 0.1064453125 0.3662109375
2 0.671875 0.5615234375 0.0869140625 0.3310546875
2 0.7451171875 0.5771484375 0.09375 0.3427734375
0 0.7451171875 0.42578125 0.0322265625 0.03515625
0 0.6689453125 0.4140625 0.0283203125 0.037109375
0 0.3154296875 0.4248046875 0.0322265625 0.0302734375
0 0.171875 0.4658203125 0.0361328125 0.0341796875