4 0.212890625 0.658203125 0.134765625 0.2265625
4 0.828125 0.41015625 0.0703125 0.1357421875
4 0.5986328125 0.4482421875 0.068359375 0.1376953125
4 0.685546875 0.521484375 0.0908203125 0.1875
3 0.896484375 0.265625 0.0703125 0.1689453125
2 0.2587890625 0.7080078125 0.259765625 0.583984375
2 0.896484375 0.349609375 0.1279296875 0.455078125
2 0.6865234375 0.5888671875 0.134765625 0.484375
2 0.8203125 0.4599609375 0.0888671875 0.3671875
2 0.599609375 0.5009765625 0.0751953125 0.3935546875
2 0.75 0.4833984375 0.080078125 0.333984375
3 0.75 0.443359375 0.07421875 0.1494140625
1 0.208984375 0.4892578125 0.080078125 0.1513671875
1 0.607421875 0.333984375 0.04296875 0.056640625
1 0.68359375 0.380859375 0.0576171875 0.0703125
1 0.734375 0.3466796875 0.0390625 0.052734375
1 0.8876953125 0.146484375 0.0537109375 0.0439453125
1 0.8251953125 0.2998046875 0.0380859375 0.0478515625
1 0.6484375 0.357421875 0.0546875 0.0791015625