4 0.4775390625 0.33203125 0.0888671875 0.1474609375
4 0.697265625 0.3056640625 0.056640625 0.1337890625
2 0.48046875 0.390625 0.0849609375 0.40234375
2 0.0419921875 0.6298828125 0.083984375 0.1865234375
2 0.7021484375 0.349609375 0.068359375 0.3486328125
2 0.845703125 0.3916015625 0.029296875 0.134765625
2 0.5810546875 0.482421875 0.1748046875 0.2041015625
2 0.888671875 0.37890625 0.025390625 0.1318359375
2 0.7392578125 0.37109375 0.0263671875 0.150390625
1 0.6943359375 0.1904296875 0.02734375 0.02734375
1 0.478515625 0.2109375 0.025390625 0.0400390625
1 0.607421875 0.4052734375 0.033203125 0.0478515625
1 0.8466796875 0.3310546875 0.01171875 0.017578125
1 0.8857421875 0.3291015625 0.01171875 0.025390625
1 0.02734375 0.5556640625 0.0234375 0.0322265625
3 0.6201171875 0.49609375 0.0537109375 0.115234375
3 0.0498046875 0.6328125 0.044921875 0.0908203125
3 0.8447265625 0.37109375 0.0283203125 0.046875
3 0.8876953125 0.359375 0.0205078125 0.03515625
3 0.7392578125 0.3603515625 0.0205078125 0.0458984375
1 0.7392578125 0.3125 0.013671875 0.0234375