4 0.375 0.6328125 0.115234375 0.2958984375
4 0.5966796875 0.54296875 0.03515625 0.1142578125
2 0.373046875 0.6826171875 0.1630859375 0.6220703125
2 0.0498046875 0.587890625 0.0654296875 0.255859375
2 0.59765625 0.59375 0.0419921875 0.3115234375
2 0.11328125 0.53515625 0.033203125 0.1240234375
2 0.21484375 0.5341796875 0.02734375 0.150390625
2 0.091796875 0.521484375 0.017578125 0.0888671875
2 0.564453125 0.58203125 0.0322265625 0.205078125
3 0.5654296875 0.5556640625 0.0244140625 0.083984375
3 0.21484375 0.5068359375 0.0185546875 0.046875
3 0.1142578125 0.5166015625 0.0244140625 0.05078125
3 0.0908203125 0.5078125 0.01171875 0.02734375
3 0.044921875 0.5556640625 0.0458984375 0.111328125
1 0.357421875 0.435546875 0.05859375 0.1220703125
1 0.2119140625 0.474609375 0.0126953125 0.01953125
1 0.6044921875 0.466796875 0.025390625 0.0537109375
1 0.56640625 0.490234375 0.015625 0.0263671875
1 0.0478515625 0.4755859375 0.0244140625 0.0263671875
1 0.1083984375 0.4794921875 0.015625 0.015625
1 0.08984375 0.482421875 0.009765625 0.0185546875