3 0.76171875 0.4775390625 0.0869140625 0.162109375
3 0.53125 0.482421875 0.0986328125 0.1181640625
3 0.33203125 0.4970703125 0.0966796875 0.15625
3 0.6484375 0.521484375 0.1103515625 0.240234375
2 0.51171875 0.5810546875 0.15625 0.4716796875
2 0.7529296875 0.56640625 0.1015625 0.4453125
2 0.31640625 0.5966796875 0.123046875 0.5185546875
2 0.6396484375 0.6162109375 0.14453125 0.6259765625
0 0.76171875 0.361328125 0.0380859375 0.0341796875
0 0.630859375 0.3330078125 0.0693359375 0.0615234375
0 0.525390625 0.3701171875 0.0556640625 0.046875
0 0.3427734375 0.3642578125 0.0556640625 0.05859375