4 0.267578125 0.3388671875 0.0810546875 0.25
2 0.521484375 0.3212890625 0.08984375 0.443359375
2 0.19140625 0.482421875 0.138671875 0.4345703125
2 0.2744140625 0.44921875 0.091796875 0.638671875
2 0.7353515625 0.2080078125 0.0478515625 0.2724609375
3 0.1748046875 0.412109375 0.08203125 0.1767578125
3 0.509765625 0.248046875 0.0517578125 0.15625
3 0.736328125 0.15234375 0.046875 0.119140625
1 0.1943359375 0.294921875 0.0361328125 0.0546875
1 0.279296875 0.177734375 0.046875 0.0869140625
1 0.50390625 0.1337890625 0.0498046875 0.0615234375
1 0.736328125 0.0888671875 0.0205078125 0.03125