3 0.3115234375 0.3349609375 0.072265625 0.13671875
3 0.4365234375 0.365234375 0.177734375 0.1904296875
3 0.583984375 0.412109375 0.1123046875 0.23046875
3 0.7060546875 0.4287109375 0.1572265625 0.2763671875
3 0.04296875 0.2353515625 0.0849609375 0.1767578125
2 0.4404296875 0.4814453125 0.1953125 0.626953125
2 0.044921875 0.30859375 0.08984375 0.4169921875
2 0.6953125 0.5751953125 0.177734375 0.8466796875
2 0.5654296875 0.525390625 0.15234375 0.65625
2 0.30859375 0.3916015625 0.099609375 0.34375
0 0.064453125 0.125 0.0517578125 0.0517578125
0 0.6806640625 0.1923828125 0.0869140625 0.076171875
0 0.5654296875 0.2255859375 0.0712890625 0.0625
0 0.447265625 0.19921875 0.0654296875 0.0625
0 0.2919921875 0.24609375 0.0390625 0.05078125