4 0.4443359375 0.6875 0.06640625 0.1787109375
4 0.7490234375 0.69921875 0.09375 0.212890625
4 0.9208984375 0.7080078125 0.0751953125 0.1728515625
4 0.552734375 0.71484375 0.0771484375 0.1962890625
4 0.2001953125 0.7568359375 0.103515625 0.2841796875
4 0.837890625 0.763671875 0.044921875 0.2099609375
4 0.6357421875 0.779296875 0.0908203125 0.2705078125
4 0.322265625 0.78125 0.1171875 0.30078125
2 0.20703125 0.7490234375 0.1279296875 0.4970703125
2 0.6220703125 0.75 0.1396484375 0.4931640625
2 0.9169921875 0.76953125 0.0986328125 0.453125
2 0.314453125 0.744140625 0.1484375 0.5087890625
2 0.7529296875 0.759765625 0.1171875 0.474609375
2 0.4521484375 0.7646484375 0.130859375 0.46484375
2 0.060546875 0.671875 0.0673828125 0.228515625
2 0.5458984375 0.7705078125 0.076171875 0.45703125
2 0.822265625 0.7763671875 0.08203125 0.443359375
2 0.3916015625 0.755859375 0.07421875 0.46484375
4 0.060546875 0.677734375 0.064453125 0.12109375
0 0.9287109375 0.5712890625 0.0537109375 0.0537109375
0 0.8134765625 0.5830078125 0.0498046875 0.0546875
0 0.748046875 0.5576171875 0.0537109375 0.0625
0 0.6171875 0.5537109375 0.0712890625 0.1044921875
0 0.5615234375 0.568359375 0.04296875 0.0458984375
0 0.4443359375 0.556640625 0.0400390625 0.0546875
0 0.32421875 0.544921875 0.0703125 0.107421875
0 0.2041015625 0.5361328125 0.0615234375 0.07421875
0 0.05078125 0.583984375 0.0341796875 0.044921875