3 0.09765625 0.5888671875 0.19140625 0.3603515625
3 0.486328125 0.701171875 0.2333984375 0.484375
2 0.11328125 0.5908203125 0.2265625 0.7958984375
2 0.490234375 0.578125 0.40625 0.822265625
2 0.8701171875 0.6103515625 0.259765625 0.759765625
2 0.2666015625 0.6123046875 0.2275390625 0.751953125
2 0.7314453125 0.6396484375 0.1220703125 0.6787109375
3 0.8701171875 0.7080078125 0.2041015625 0.45703125
3 0.28515625 0.7548828125 0.1708984375 0.46875
3 0.728515625 0.6015625 0.109375 0.2724609375
0 0.892578125 0.2978515625 0.115234375 0.134765625
0 0.74609375 0.3564453125 0.0849609375 0.1123046875
0 0.4990234375 0.2548828125 0.1376953125 0.15625
0 0.3134765625 0.306640625 0.1318359375 0.1396484375
0 0.099609375 0.263671875 0.12109375 0.146484375
0 0.2314453125 0.333984375 0.0888671875 0.134765625