3 0.525390625 0.4384765625 0.1083984375 0.1484375
3 0.4013671875 0.451171875 0.0703125 0.1044921875
3 0.4482421875 0.4541015625 0.052734375 0.087890625
3 0.3388671875 0.46484375 0.083984375 0.12109375
2 0.341796875 0.5419921875 0.0830078125 0.421875
2 0.5234375 0.5302734375 0.1044921875 0.4921875
2 0.4033203125 0.517578125 0.0673828125 0.345703125
2 0.453125 0.498046875 0.052734375 0.2626953125
2 0.57421875 0.4775390625 0.0693359375 0.3916015625
0 0.3408203125 0.3544921875 0.0380859375 0.041015625
0 0.55859375 0.310546875 0.0361328125 0.05078125
0 0.3984375 0.3681640625 0.0302734375 0.0400390625
0 0.5224609375 0.30859375 0.0390625 0.0458984375
0 0.4423828125 0.3818359375 0.0205078125 0.0234375