4 0.408203125 0.771484375 0.08203125 0.1162109375
4 0.232421875 0.787109375 0.056640625 0.1123046875
4 0.587890625 0.7880859375 0.078125 0.146484375
4 0.0625 0.7890625 0.0654296875 0.1416015625
2 0.587890625 0.830078125 0.0859375 0.3349609375
2 0.408203125 0.8037109375 0.091796875 0.3203125
2 0.2294921875 0.802734375 0.0576171875 0.2080078125
2 0.060546875 0.806640625 0.0751953125 0.26171875
2 0.1640625 0.796875 0.06640625 0.2421875
2 0.11328125 0.796875 0.0478515625 0.1767578125
2 0.2763671875 0.7919921875 0.04296875 0.2021484375
4 0.1162109375 0.7734375 0.0361328125 0.0732421875
4 0.16015625 0.7607421875 0.0419921875 0.0849609375
0 0.58984375 0.685546875 0.0400390625 0.041015625
0 0.40625 0.6943359375 0.0341796875 0.0341796875
0 0.283203125 0.703125 0.0224609375 0.02734375
0 0.2236328125 0.712890625 0.0234375 0.025390625
0 0.15234375 0.6904296875 0.03125 0.0263671875
0 0.072265625 0.6943359375 0.0322265625 0.0283203125
0 0.123046875 0.716796875 0.0185546875 0.0146484375