4 0.7470703125 0.4892578125 0.080078125 0.2216796875
4 0.849609375 0.5087890625 0.0732421875 0.23828125
4 0.6591796875 0.509765625 0.0869140625 0.2392578125
4 0.5654296875 0.529296875 0.0693359375 0.201171875
4 0.4599609375 0.5322265625 0.0712890625 0.193359375
4 0.3525390625 0.6240234375 0.0791015625 0.2177734375
4 0.25 0.6484375 0.0966796875 0.2490234375
2 0.353515625 0.6376953125 0.126953125 0.427734375
2 0.5634765625 0.564453125 0.095703125 0.41796875
2 0.658203125 0.5693359375 0.1064453125 0.4443359375
2 0.169921875 0.6181640625 0.1025390625 0.4970703125
2 0.25390625 0.6796875 0.12109375 0.470703125
2 0.8408203125 0.55078125 0.1279296875 0.423828125
2 0.4599609375 0.5947265625 0.0908203125 0.4541015625
2 0.740234375 0.537109375 0.10546875 0.4443359375
2 0.671875 0.255859375 0.080078125 0.19140625
2 0.2890625 0.44921875 0.0712890625 0.171875
2 0.7021484375 0.3349609375 0.0693359375 0.1513671875
2 0.4677734375 0.3818359375 0.076171875 0.193359375
2 0.3232421875 0.3671875 0.060546875 0.1513671875
2 0.62109375 0.3837890625 0.0576171875 0.171875
2 0.3876953125 0.4345703125 0.0693359375 0.2177734375
2 0.7919921875 0.3564453125 0.05859375 0.189453125
4 0.171875 0.5908203125 0.0849609375 0.2353515625
4 0.2919921875 0.4873046875 0.0439453125 0.0849609375
4 0.791015625 0.365234375 0.05078125 0.05859375
4 0.7021484375 0.3564453125 0.05078125 0.068359375
4 0.6201171875 0.4013671875 0.0419921875 0.0888671875
4 0.671875 0.2392578125 0.0537109375 0.078125
4 0.392578125 0.4658203125 0.0478515625 0.140625
0 0.8515625 0.3583984375 0.0439453125 0.041015625
0 0.7890625 0.283203125 0.03515625 0.037109375
0 0.74609375 0.3369140625 0.0390625 0.037109375
0 0.666015625 0.1767578125 0.0224609375 0.029296875
0 0.626953125 0.3173828125 0.0283203125 0.03125
0 0.708984375 0.2783203125 0.03125 0.0341796875
1 0.66015625 0.3701171875 0.033203125 0.0341796875
0 0.56640625 0.37890625 0.041015625 0.0400390625
0 0.46484375 0.3076171875 0.0322265625 0.0341796875
0 0.4501953125 0.3916015625 0.0361328125 0.0478515625
0 0.384765625 0.34765625 0.0341796875 0.0361328125
0 0.3134765625 0.3154296875 0.037109375 0.0419921875
0 0.3447265625 0.447265625 0.046875 0.0439453125
0 0.2822265625 0.3837890625 0.0419921875 0.0390625
0 0.244140625 0.4716796875 0.0458984375 0.052734375
0 0.1708984375 0.3955078125 0.0458984375 0.0478515625