4 0.267578125 0.619140625 0.0498046875 0.1162109375
4 0.498046875 0.623046875 0.068359375 0.1240234375
4 0.6103515625 0.625 0.0625 0.12890625
4 0.7060546875 0.6298828125 0.0615234375 0.1103515625
4 0.8935546875 0.6318359375 0.0673828125 0.1474609375
2 0.71484375 0.6357421875 0.1044921875 0.2705078125
2 0.8076171875 0.5927734375 0.0947265625 0.2705078125
2 0.486328125 0.630859375 0.1044921875 0.2822265625
2 0.3798828125 0.697265625 0.1220703125 0.2548828125
2 0.8994140625 0.6689453125 0.0966796875 0.296875
2 0.5791015625 0.65234375 0.140625 0.306640625
2 0.3115234375 0.5546875 0.0576171875 0.208984375
2 0.20703125 0.5634765625 0.064453125 0.1533203125
2 0.2119140625 0.703125 0.1181640625 0.298828125
2 0.27734375 0.6318359375 0.10546875 0.2451171875
2 0.3916015625 0.5478515625 0.0693359375 0.142578125
2 0.478515625 0.5361328125 0.0419921875 0.1455078125
4 0.189453125 0.7431640625 0.0703125 0.21484375
4 0.2060546875 0.580078125 0.056640625 0.095703125
3 0.3701171875 0.671875 0.1025390625 0.1748046875
4 0.8056640625 0.5771484375 0.0673828125 0.099609375
0 0.19140625 0.5810546875 0.046875 0.0400390625
0 0.3046875 0.46875 0.03125 0.0390625
0 0.4990234375 0.51171875 0.0341796875 0.03515625
0 0.271484375 0.529296875 0.0380859375 0.046875
0 0.8076171875 0.478515625 0.037109375 0.0400390625
0 0.7080078125 0.5244140625 0.03515625 0.041015625
1 0.19921875 0.5009765625 0.02734375 0.0302734375
1 0.3876953125 0.4951171875 0.0263671875 0.0322265625
1 0.59765625 0.53125 0.0283203125 0.0517578125
1 0.9052734375 0.5576171875 0.0361328125 0.072265625
1 0.4853515625 0.48046875 0.03125 0.033203125