4 0.7802734375 0.6806640625 0.1640625 0.3017578125
4 0.25 0.6826171875 0.138671875 0.3251953125
3 0.080078125 0.4501953125 0.16015625 0.380859375
3 0.890625 0.498046875 0.2158203125 0.3056640625
4 0.4345703125 0.7412109375 0.1640625 0.3203125
4 0.6328125 0.771484375 0.1279296875 0.3017578125
2 0.2548828125 0.6884765625 0.158203125 0.623046875
2 0.884765625 0.6064453125 0.2294921875 0.783203125
2 0.619140625 0.7333984375 0.1875 0.53125
2 0.0859375 0.548828125 0.169921875 0.8984375
2 0.779296875 0.689453125 0.1826171875 0.619140625
2 0.439453125 0.716796875 0.212890625 0.564453125
1 0.625 0.5458984375 0.11328125 0.154296875
1 0.4404296875 0.517578125 0.099609375 0.162109375
1 0.7412109375 0.4375 0.0849609375 0.111328125
1 0.2412109375 0.44140625 0.1025390625 0.12109375
1 0.1064453125 0.15234375 0.115234375 0.1240234375
1 0.8212890625 0.27734375 0.0947265625 0.1220703125