4 0.080078125 0.333984375 0.1142578125 0.306640625
4 0.236328125 0.3466796875 0.0888671875 0.2392578125
4 0.3544921875 0.357421875 0.0830078125 0.1904296875
4 0.6025390625 0.359375 0.1044921875 0.240234375
4 0.466796875 0.427734375 0.09375 0.212890625
4 0.7431640625 0.501953125 0.1142578125 0.283203125
2 0.0859375 0.42578125 0.138671875 0.7392578125
2 0.228515625 0.4111328125 0.1376953125 0.5517578125
2 0.462890625 0.470703125 0.1201171875 0.494140625
2 0.732421875 0.560546875 0.154296875 0.619140625
2 0.353515625 0.4287109375 0.103515625 0.5048828125
2 0.5927734375 0.451171875 0.140625 0.66015625
0 0.0791015625 0.1103515625 0.060546875 0.10546875
0 0.244140625 0.177734375 0.044921875 0.0771484375
0 0.474609375 0.2578125 0.0390625 0.0703125
0 0.607421875 0.1806640625 0.044921875 0.095703125
0 0.759765625 0.296875 0.0498046875 0.0791015625
0 0.3564453125 0.2177734375 0.0419921875 0.072265625