4 0.5546875 0.392578125 0.060546875 0.173828125
2 0.4794921875 0.458984375 0.115234375 0.6044921875
2 0.38671875 0.501953125 0.08984375 0.4501953125
2 0.552734375 0.462890625 0.068359375 0.4609375
2 0.7998046875 0.55859375 0.044921875 0.1884765625
2 0.96484375 0.5205078125 0.0693359375 0.2958984375
2 0.8837890625 0.5693359375 0.044921875 0.1787109375
2 0.9150390625 0.56640625 0.033203125 0.1904296875
2 0.3388671875 0.470703125 0.078125 0.4580078125
3 0.4736328125 0.3330078125 0.0791015625 0.169921875
3 0.3837890625 0.4404296875 0.0673828125 0.1748046875
3 0.3447265625 0.357421875 0.0380859375 0.1162109375
3 0.80078125 0.5234375 0.0322265625 0.0537109375
3 0.8828125 0.552734375 0.0302734375 0.0595703125
3 0.9150390625 0.53515625 0.0244140625 0.05078125
3 0.96875 0.486328125 0.0537109375 0.1083984375
1 0.54296875 0.2646484375 0.0380859375 0.0654296875
1 0.466796875 0.1884765625 0.0498046875 0.064453125
1 0.3798828125 0.314453125 0.0341796875 0.0634765625
1 0.3603515625 0.267578125 0.033203125 0.052734375
1 0.7998046875 0.478515625 0.0146484375 0.025390625
1 0.880859375 0.4951171875 0.0205078125 0.04296875
1 0.9765625 0.3955078125 0.02734375 0.052734375