4 0.4052734375 0.5556640625 0.1201171875 0.2890625
4 0.6005859375 0.478515625 0.0986328125 0.2734375
4 0.705078125 0.521484375 0.107421875 0.2548828125
3 0.2119140625 0.4951171875 0.0908203125 0.236328125
2 0.1923828125 0.568359375 0.1669921875 0.580078125
2 0.3818359375 0.6220703125 0.1748046875 0.650390625
2 0.609375 0.59375 0.1279296875 0.6923828125
2 0.7001953125 0.609375 0.099609375 0.634765625
0 0.41015625 0.3369140625 0.0703125 0.0830078125
0 0.220703125 0.3076171875 0.060546875 0.056640625
0 0.587890625 0.279296875 0.0732421875 0.068359375
0 0.6982421875 0.3359375 0.0703125 0.091796875