4 0.7861328125 0.2900390625 0.1396484375 0.1376953125
4 0.9091796875 0.353515625 0.091796875 0.2861328125
4 0.17578125 0.41015625 0.130859375 0.314453125
2 0.8134765625 0.4619140625 0.2412109375 0.6552734375
2 0.1806640625 0.5673828125 0.1962890625 0.8330078125
2 0.9033203125 0.3994140625 0.12109375 0.56640625
2 0.96484375 0.2021484375 0.0693359375 0.337890625
4 0.9638671875 0.169921875 0.060546875 0.1337890625
0 0.9189453125 0.1484375 0.0517578125 0.0693359375
0 0.7294921875 0.1669921875 0.072265625 0.0712890625
0 0.2373046875 0.203125 0.064453125 0.1025390625
0 0.9560546875 0.0576171875 0.03125 0.0478515625