3 0.5703125 0.5126953125 0.1015625 0.2138671875
3 0.408203125 0.54296875 0.1123046875 0.2705078125
3 0.765625 0.5693359375 0.119140625 0.31640625
3 0.23046875 0.640625 0.1142578125 0.33984375
3 0.048828125 0.68359375 0.09765625 0.4375
2 0.7529296875 0.640625 0.1591796875 0.7099609375
2 0.556640625 0.6337890625 0.14453125 0.6943359375
2 0.056640625 0.625 0.11328125 0.732421875
2 0.2294921875 0.66796875 0.123046875 0.65234375
2 0.404296875 0.634765625 0.1259765625 0.72265625
2 0.16015625 0.6416015625 0.095703125 0.69140625
2 0.341796875 0.6025390625 0.0888671875 0.671875
3 0.16015625 0.5439453125 0.0908203125 0.240234375
3 0.33984375 0.47265625 0.0859375 0.203125
0 0.7626953125 0.3232421875 0.064453125 0.0673828125
0 0.556640625 0.3251953125 0.0546875 0.0703125
0 0.4130859375 0.3154296875 0.0634765625 0.0859375
0 0.3583984375 0.2958984375 0.0478515625 0.0595703125
0 0.2333984375 0.3916015625 0.0791015625 0.1044921875
0 0.1806640625 0.333984375 0.0615234375 0.0751953125
0 0.037109375 0.3212890625 0.0732421875 0.109375