3 0.7060546875 0.41015625 0.0859375 0.201171875
4 0.5390625 0.416015625 0.091796875 0.2314453125
3 0.8759765625 0.4521484375 0.1279296875 0.296875
2 0.6552734375 0.52734375 0.1806640625 0.6640625
2 0.87109375 0.5732421875 0.154296875 0.771484375
2 0.5419921875 0.4921875 0.1103515625 0.5703125
2 0.9345703125 0.40234375 0.0859375 0.36328125
0 0.8671875 0.2255859375 0.0791015625 0.064453125
0 0.6865234375 0.234375 0.060546875 0.07421875
0 0.55078125 0.2373046875 0.0517578125 0.056640625
0 0.9208984375 0.2548828125 0.0419921875 0.0615234375