4 0.029296875 0.693359375 0.05859375 0.6083984375
4 0.3115234375 0.6953125 0.111328125 0.28515625
2 0.3173828125 0.708984375 0.130859375 0.5732421875
2 0.5146484375 0.7177734375 0.107421875 0.5537109375
2 0.0322265625 0.572265625 0.064453125 0.84765625
2 0.67578125 0.685546875 0.0400390625 0.150390625
2 0.1337890625 0.681640625 0.02734375 0.12109375
2 0.7216796875 0.681640625 0.0302734375 0.068359375
2 0.43359375 0.673828125 0.01953125 0.0595703125
1 0.5087890625 0.4970703125 0.046875 0.115234375
1 0.322265625 0.48828125 0.056640625 0.119140625
1 0.029296875 0.267578125 0.05859375 0.240234375
3 0.51171875 0.671875 0.07421875 0.21875
1 0.6796875 0.625 0.0185546875 0.021484375
3 0.673828125 0.6787109375 0.0234375 0.072265625
3 0.720703125 0.685546875 0.0205078125 0.0322265625
1 0.71875 0.6552734375 0.0146484375 0.017578125
3 0.1337890625 0.6689453125 0.0185546875 0.0498046875
1 0.130859375 0.630859375 0.009765625 0.0185546875