4 0.7470703125 0.615234375 0.505859375 0.765625
4 0.1240234375 0.646484375 0.078125 0.396484375
4 0.3935546875 0.6611328125 0.3125 0.677734375
4 0.06640625 0.666015625 0.0673828125 0.3173828125
4 0.162109375 0.671875 0.142578125 0.4951171875
4 0.2568359375 0.724609375 0.134765625 0.5498046875
2 0.7587890625 0.4970703125 0.482421875 0.994140625
2 0.3662109375 0.607421875 0.3310546875 0.78125
2 0.0927734375 0.6962890625 0.1357421875 0.599609375
2 0.166015625 0.673828125 0.1435546875 0.640625
2 0.1982421875 0.671875 0.208984375 0.650390625
1 0.6884765625 0.123046875 0.171875 0.2333984375
1 0.3662109375 0.3349609375 0.134765625 0.2431640625
1 0.279296875 0.419921875 0.0888671875 0.169921875
1 0.18359375 0.39453125 0.0732421875 0.080078125