4 0.1796875 0.326171875 0.2529296875 0.3017578125
4 0.265625 0.369140625 0.0625 0.1142578125
4 0.3916015625 0.3037109375 0.076171875 0.154296875
4 0.4736328125 0.3095703125 0.0908203125 0.1904296875
4 0.6708984375 0.291015625 0.1015625 0.1904296875
4 0.904296875 0.337890625 0.119140625 0.3251953125
2 0.6689453125 0.380859375 0.1435546875 0.564453125
2 0.8994140625 0.421875 0.1328125 0.734375
2 0.193359375 0.451171875 0.310546875 0.7392578125
2 0.38671875 0.3876953125 0.099609375 0.4873046875
2 0.275390625 0.4296875 0.1513671875 0.525390625
2 0.4677734375 0.3955078125 0.1220703125 0.5078125
0 0.1494140625 0.1181640625 0.0869140625 0.0751953125
0 0.2607421875 0.2021484375 0.048828125 0.072265625
0 0.400390625 0.1806640625 0.0458984375 0.072265625
0 0.4638671875 0.177734375 0.048828125 0.068359375
0 0.671875 0.1240234375 0.060546875 0.05078125
0 0.92578125 0.0830078125 0.078125 0.0703125