4 0.3974609375 0.4990234375 0.0556640625 0.150390625
4 0.466796875 0.5048828125 0.0625 0.1572265625
2 0.583984375 0.587890625 0.0615234375 0.30859375
2 0.3935546875 0.576171875 0.076171875 0.41796875
2 0.529296875 0.939453125 0.0810546875 0.1181640625
2 0.466796875 0.5751953125 0.0673828125 0.4072265625
2 0.224609375 0.9033203125 0.0859375 0.19140625
2 0.712890625 0.91015625 0.0791015625 0.1787109375
2 0.2119140625 0.408203125 0.0712890625 0.3681640625
2 0.1640625 0.9296875 0.0859375 0.140625
2 0.2861328125 0.474609375 0.0546875 0.2265625
2 0.5419921875 0.4072265625 0.0654296875 0.3427734375
2 0.162109375 0.4345703125 0.0615234375 0.31640625
2 0.6005859375 0.421875 0.0556640625 0.1767578125
2 0.27734375 0.328125 0.05859375 0.24609375
1 0.1533203125 0.900390625 0.0625 0.076171875
1 0.2255859375 0.8447265625 0.0498046875 0.0703125
1 0.2080078125 0.2509765625 0.0224609375 0.0419921875
1 0.2607421875 0.2255859375 0.0244140625 0.033203125
1 0.169921875 0.29296875 0.0224609375 0.03515625
1 0.28125 0.3818359375 0.0244140625 0.03515625
1 0.3984375 0.3837890625 0.025390625 0.0400390625
1 0.4619140625 0.390625 0.0244140625 0.04296875
1 0.5439453125 0.26171875 0.02734375 0.0537109375
1 0.611328125 0.3486328125 0.0263671875 0.0361328125
1 0.5859375 0.458984375 0.0244140625 0.052734375
1 0.5146484375 0.9306640625 0.0458984375 0.10546875
1 0.7177734375 0.8544921875 0.0283203125 0.0625
3 0.7197265625 0.9453125 0.0673828125 0.1083984375
3 0.2177734375 0.9462890625 0.05859375 0.107421875
3 0.5849609375 0.5341796875 0.041015625 0.08984375
3 0.607421875 0.416015625 0.02734375 0.0712890625
3 0.5439453125 0.3583984375 0.044921875 0.1328125
3 0.28515625 0.4794921875 0.033203125 0.1259765625
3 0.2109375 0.3671875 0.0458984375 0.16015625
3 0.2724609375 0.298828125 0.0322265625 0.09765625
3 0.1630859375 0.3876953125 0.0400390625 0.11328125