4 0.11328125 0.33984375 0.2265625 0.32421875
4 0.5869140625 0.4267578125 0.296875 0.341796875
4 0.8701171875 0.435546875 0.259765625 0.4404296875
4 0.3447265625 0.490234375 0.2763671875 0.2998046875
3 0.48828125 0.904296875 0.263671875 0.19140625
2 0.59765625 0.509765625 0.3046875 0.9736328125
2 0.865234375 0.4970703125 0.26953125 0.994140625
2 0.125 0.4990234375 0.248046875 0.998046875
2 0.34765625 0.5634765625 0.26171875 0.87109375
2 0.4873046875 0.8154296875 0.26171875 0.369140625
0 0.353515625 0.19140625 0.12890625 0.1298828125
0 0.8369140625 0.064453125 0.14453125 0.1259765625
0 0.587890625 0.138671875 0.126953125 0.234375
0 0.1416015625 0.126953125 0.1337890625 0.2421875