4 0.55078125 0.3173828125 0.048828125 0.1171875
4 0.3798828125 0.3447265625 0.048828125 0.1376953125
4 0.275390625 0.345703125 0.0595703125 0.130859375
4 0.6083984375 0.365234375 0.0546875 0.146484375
4 0.50390625 0.375 0.0439453125 0.1044921875
4 0.4423828125 0.35546875 0.0517578125 0.109375
2 0.2724609375 0.3994140625 0.0810546875 0.3798828125
2 0.376953125 0.380859375 0.0703125 0.294921875
2 0.4443359375 0.392578125 0.068359375 0.2626953125
2 0.498046875 0.3935546875 0.0576171875 0.255859375
2 0.5439453125 0.37109375 0.068359375 0.33203125
2 0.607421875 0.4013671875 0.0751953125 0.3310546875
0 0.6015625 0.2587890625 0.02734375 0.0361328125
0 0.546875 0.2216796875 0.0234375 0.0322265625
0 0.271484375 0.224609375 0.025390625 0.0283203125
0 0.4404296875 0.2744140625 0.021484375 0.0302734375
0 0.501953125 0.287109375 0.01953125 0.02734375
0 0.3837890625 0.2509765625 0.021484375 0.03125