4 0.685546875 0.47265625 0.03515625 0.0947265625
4 0.62109375 0.4599609375 0.0419921875 0.0859375
4 0.548828125 0.4599609375 0.041015625 0.091796875
4 0.4912109375 0.4443359375 0.044921875 0.091796875
2 0.55078125 0.4912109375 0.04296875 0.2080078125
2 0.4921875 0.4658203125 0.044921875 0.1884765625
2 0.62109375 0.4892578125 0.044921875 0.21484375
2 0.685546875 0.4970703125 0.037109375 0.2041015625
1 0.6865234375 0.4111328125 0.0146484375 0.033203125
1 0.62109375 0.3984375 0.013671875 0.033203125
1 0.55078125 0.400390625 0.015625 0.025390625
1 0.4931640625 0.3857421875 0.013671875 0.0263671875