3 0.4267578125 0.4375 0.1474609375 0.26953125
3 0.7529296875 0.451171875 0.123046875 0.2626953125
3 0.603515625 0.462890625 0.115234375 0.2724609375
3 0.2470703125 0.478515625 0.1181640625 0.2587890625
2 0.2451171875 0.5634765625 0.125 0.654296875
2 0.4267578125 0.5341796875 0.1494140625 0.71875
2 0.5927734375 0.560546875 0.142578125 0.697265625
2 0.7548828125 0.5654296875 0.1396484375 0.701171875
0 0.7333984375 0.2548828125 0.060546875 0.0693359375
0 0.5791015625 0.2451171875 0.060546875 0.0615234375
0 0.3828125 0.216796875 0.0576171875 0.08984375
0 0.23046875 0.2685546875 0.05859375 0.0576171875