4 0.330078125 0.466796875 0.1064453125 0.189453125
4 0.3818359375 0.4072265625 0.05859375 0.134765625
4 0.44140625 0.43359375 0.07421875 0.1416015625
4 0.2421875 0.4443359375 0.064453125 0.1865234375
2 0.65234375 0.552734375 0.08984375 0.2373046875
2 0.3857421875 0.4521484375 0.06640625 0.3603515625
2 0.333984375 0.5556640625 0.1142578125 0.46875
2 0.25390625 0.5361328125 0.08203125 0.501953125
2 0.4404296875 0.466796875 0.0703125 0.3154296875
3 0.6552734375 0.5712890625 0.064453125 0.119140625
0 0.646484375 0.46484375 0.05078125 0.0634765625
0 0.4306640625 0.3291015625 0.0400390625 0.04296875
0 0.3759765625 0.2939453125 0.0458984375 0.052734375
0 0.26953125 0.3212890625 0.052734375 0.0703125
0 0.333984375 0.34765625 0.0419921875 0.05859375