4 0.78515625 0.4296875 0.0810546875 0.3212890625
4 0.357421875 0.4560546875 0.087890625 0.271484375
4 0.5205078125 0.4619140625 0.078125 0.2734375
4 0.2109375 0.470703125 0.0888671875 0.2880859375
4 0.703125 0.4775390625 0.0791015625 0.275390625
4 0.4453125 0.48046875 0.0810546875 0.34765625
4 0.6083984375 0.486328125 0.087890625 0.2529296875
4 0.8662109375 0.4931640625 0.046875 0.318359375
4 0.951171875 0.49609375 0.0966796875 0.3701171875
4 0.28125 0.4990234375 0.064453125 0.248046875
4 0.037109375 0.509765625 0.068359375 0.310546875
4 0.126953125 0.5341796875 0.0849609375 0.2646484375
2 0.0419921875 0.6171875 0.083984375 0.763671875
2 0.931640625 0.56640625 0.1357421875 0.85546875
2 0.615234375 0.615234375 0.1005859375 0.7451171875
2 0.1279296875 0.634765625 0.1025390625 0.7080078125
2 0.4453125 0.59375 0.1015625 0.7802734375
2 0.5234375 0.5888671875 0.09375 0.7578125
2 0.7041015625 0.59375 0.1005859375 0.79296875
2 0.220703125 0.59765625 0.123046875 0.7822265625
2 0.34765625 0.5869140625 0.1064453125 0.8076171875
2 0.79296875 0.5546875 0.111328125 0.865234375
2 0.283203125 0.609375 0.0859375 0.69140625
2 0.861328125 0.57421875 0.0810546875 0.794921875
0 0.939453125 0.1904296875 0.0771484375 0.1005859375
0 0.869140625 0.2099609375 0.060546875 0.0771484375
0 0.775390625 0.16015625 0.0576171875 0.0810546875
0 0.7021484375 0.2275390625 0.048828125 0.0771484375
0 0.6025390625 0.2744140625 0.052734375 0.0693359375
0 0.513671875 0.244140625 0.044921875 0.0712890625
0 0.4404296875 0.2373046875 0.0478515625 0.0546875
0 0.3505859375 0.2177734375 0.0458984375 0.0693359375
0 0.2802734375 0.298828125 0.046875 0.0771484375
0 0.2080078125 0.2392578125 0.0498046875 0.06640625
0 0.1162109375 0.3212890625 0.052734375 0.0751953125
0 0.033203125 0.265625 0.0478515625 0.06640625