4 0.0966796875 0.439453125 0.1533203125 0.3251953125
4 0.626953125 0.365234375 0.115234375 0.259765625
4 0.76171875 0.3486328125 0.1171875 0.2529296875
4 0.853515625 0.6337890625 0.123046875 0.2265625
2 0.1240234375 0.5703125 0.236328125 0.849609375
2 0.828125 0.6484375 0.171875 0.484375
2 0.626953125 0.474609375 0.142578125 0.732421875
2 0.7705078125 0.3994140625 0.140625 0.576171875
0 0.10546875 0.2216796875 0.068359375 0.1484375
0 0.642578125 0.1708984375 0.056640625 0.1162109375
0 0.75390625 0.169921875 0.0546875 0.1171875
0 0.8251953125 0.474609375 0.0537109375 0.1279296875