4 0.83984375 0.732421875 0.1748046875 0.396484375
4 0.27734375 0.556640625 0.1123046875 0.369140625
4 0.166015625 0.638671875 0.0966796875 0.3154296875
4 0.416015625 0.3876953125 0.125 0.302734375
4 0.615234375 0.365234375 0.1123046875 0.255859375
2 0.8427734375 0.6298828125 0.2841796875 0.6298828125
2 0.271484375 0.576171875 0.142578125 0.734375
2 0.15234375 0.634765625 0.1298828125 0.6142578125
2 0.603515625 0.474609375 0.193359375 0.798828125
2 0.44140625 0.478515625 0.171875 0.826171875
1 0.8427734375 0.412109375 0.087890625 0.193359375
1 0.615234375 0.1533203125 0.068359375 0.158203125
1 0.4228515625 0.1455078125 0.087890625 0.1708984375
1 0.2705078125 0.2841796875 0.0625 0.15234375
1 0.1689453125 0.40234375 0.083984375 0.150390625