3 0.484375 0.396484375 0.1962890625 0.216796875
3 0.81640625 0.4208984375 0.2802734375 0.2666015625
3 0.1845703125 0.5302734375 0.349609375 0.4814453125
3 0.3388671875 0.5361328125 0.181640625 0.5048828125
3 0.62109375 0.5576171875 0.185546875 0.2587890625
2 0.3212890625 0.5546875 0.6201171875 0.8896484375
2 0.6376953125 0.642578125 0.2021484375 0.6748046875
2 0.8173828125 0.537109375 0.2978515625 0.73828125
2 0.4990234375 0.513671875 0.23828125 0.71484375
2 0.3486328125 0.56640625 0.197265625 0.8671875
0 0.45703125 0.2041015625 0.1328125 0.0888671875
0 0.318359375 0.1806640625 0.119140625 0.0771484375
0 0.76171875 0.216796875 0.130859375 0.08984375
0 0.158203125 0.185546875 0.220703125 0.14453125
0 0.623046875 0.3623046875 0.1396484375 0.1142578125