4 0.7802734375 0.6796875 0.1640625 0.2998046875
4 0.2509765625 0.6796875 0.138671875 0.318359375
4 0.431640625 0.7421875 0.1640625 0.3046875
4 0.6357421875 0.763671875 0.134765625 0.2939453125
3 0.083984375 0.43359375 0.1533203125 0.328125
3 0.8916015625 0.5146484375 0.21484375 0.35546875
2 0.2548828125 0.6884765625 0.158203125 0.623046875
2 0.884765625 0.578125 0.2294921875 0.837890625
2 0.6201171875 0.7333984375 0.185546875 0.53125
2 0.4375 0.716796875 0.2158203125 0.564453125
2 0.0859375 0.53515625 0.171875 0.9267578125
2 0.779296875 0.689453125 0.1826171875 0.619140625
1 0.6259765625 0.546875 0.11328125 0.1552734375
1 0.8203125 0.27734375 0.09375 0.12109375
1 0.1064453125 0.15234375 0.115234375 0.123046875
1 0.2412109375 0.44140625 0.1015625 0.1220703125
1 0.44140625 0.517578125 0.1005859375 0.162109375
1 0.7412109375 0.4375 0.0849609375 0.111328125