3 0.6591796875 0.4658203125 0.0283203125 0.072265625
3 0.556640625 0.4814453125 0.0263671875 0.0693359375
3 0.6318359375 0.494140625 0.021484375 0.0732421875
3 0.3935546875 0.533203125 0.02734375 0.0673828125
2 0.3935546875 0.53515625 0.0380859375 0.19140625
2 0.65625 0.4833984375 0.037109375 0.1533203125
2 0.5556640625 0.498046875 0.04296875 0.15625
2 0.6337890625 0.5107421875 0.041015625 0.1650390625
0 0.6591796875 0.419921875 0.013671875 0.0244140625
0 0.6318359375 0.439453125 0.0126953125 0.021484375
0 0.548828125 0.427734375 0.0146484375 0.01953125
0 0.3916015625 0.451171875 0.015625 0.025390625