3 0.7373046875 0.4658203125 0.07421875 0.146484375
3 0.453125 0.4931640625 0.1015625 0.1435546875
3 0.671875 0.4951171875 0.099609375 0.1943359375
3 0.205078125 0.4990234375 0.1064453125 0.181640625
3 0.97265625 0.49609375 0.0537109375 0.1708984375
3 0.8740234375 0.5029296875 0.17578125 0.2216796875
2 0.87890625 0.630859375 0.2138671875 0.708984375
2 0.201171875 0.5517578125 0.1064453125 0.4189453125
2 0.658203125 0.5615234375 0.1240234375 0.458984375
2 0.451171875 0.5615234375 0.1162109375 0.4189453125
2 0.7275390625 0.51953125 0.080078125 0.3681640625
2 0.9755859375 0.568359375 0.0478515625 0.40234375
0 0.8759765625 0.314453125 0.07421875 0.08203125
0 0.7333984375 0.361328125 0.0380859375 0.052734375
0 0.6591796875 0.3544921875 0.0546875 0.041015625
0 0.455078125 0.3759765625 0.0478515625 0.0439453125
0 0.1943359375 0.3720703125 0.0498046875 0.05859375