4 0.5068359375 0.4111328125 0.0888671875 0.1591796875
4 0.43359375 0.498046875 0.0810546875 0.1767578125
2 0.92578125 0.5966796875 0.1455078125 0.626953125
2 0.384765625 0.5908203125 0.19921875 0.5771484375
2 0.7685546875 0.4052734375 0.126953125 0.310546875
2 0.529296875 0.4111328125 0.1708984375 0.359375
2 0.4072265625 0.26171875 0.052734375 0.1181640625
2 0.3330078125 0.4189453125 0.1396484375 0.4970703125
3 0.9208984375 0.4951171875 0.1181640625 0.2158203125
4 0.33269230859375 0.405334728515625 0.403168158203125 0.35550033984375 0.408653845703125 0.302039748046875 0.3865384609375 0.2432008359375 0.341346154296875 0.218357740234375 0.301923076171875 0.27196652734375 0.29519230859375 0.298117154296875 0.33269230859375 0.405334728515625
0 0.29296875 0.2138671875 0.0537109375 0.095703125
0 0.50390625 0.259765625 0.0556640625 0.0546875
0 0.4287109375 0.3369140625 0.0517578125 0.0703125
0 0.9169921875 0.3212890625 0.072265625 0.0693359375
0 0.7451171875 0.2783203125 0.04296875 0.0615234375
0 0.408203125 0.232421875 0.0498046875 0.0595703125