4 0.3251953125 0.455078125 0.1279296875 0.34375
4 0.76953125 0.513671875 0.142578125 0.3564453125
4 0.208984375 0.564453125 0.169921875 0.375
2 0.193359375 0.615234375 0.1650390625 0.75
2 0.7177734375 0.5791015625 0.2421875 0.8271484375
2 0.328125 0.5810546875 0.1572265625 0.8232421875
2 0.6376953125 0.568359375 0.1689453125 0.81640625
2 0.5341796875 0.63671875 0.14453125 0.712890625
2 0.4248046875 0.5888671875 0.1337890625 0.75390625
4 0.53125 0.55078125 0.130859375 0.302734375
4 0.642578125 0.431640625 0.1259765625 0.2890625
4 0.4306640625 0.4921875 0.1171875 0.2958984375
0 0.73046875 0.21875 0.095703125 0.1103515625
0 0.62890625 0.2041015625 0.0625 0.080078125
0 0.51171875 0.31640625 0.0810546875 0.06640625
0 0.4208984375 0.2578125 0.052734375 0.076171875
0 0.357421875 0.21875 0.078125 0.1005859375
0 0.23046875 0.2998046875 0.0888671875 0.123046875