4 0.333984375 0.44140625 0.0361328125 0.1044921875
4 0.537109375 0.4560546875 0.052734375 0.119140625
4 0.2314453125 0.451171875 0.0703125 0.150390625
4 0.466796875 0.490234375 0.025390625 0.1064453125
4 0.6533203125 0.513671875 0.0751953125 0.1591796875
4 0.4013671875 0.5263671875 0.0888671875 0.25
2 0.5400390625 0.5146484375 0.072265625 0.39453125
2 0.658203125 0.560546875 0.119140625 0.4326171875
2 0.248046875 0.513671875 0.142578125 0.47265625
2 0.41015625 0.6103515625 0.142578125 0.61328125
2 0.3388671875 0.505859375 0.06640625 0.384765625
2 0.46484375 0.5087890625 0.0537109375 0.330078125
0 0.662109375 0.4072265625 0.033203125 0.0615234375
0 0.4130859375 0.3447265625 0.0439453125 0.0849609375
1 0.5439453125 0.3466796875 0.0380859375 0.04296875
0 0.3408203125 0.3544921875 0.0341796875 0.04296875
0 0.234375 0.337890625 0.0302734375 0.037109375