3 0.6484375 0.5703125 0.1962890625 0.4453125
3 0.4560546875 0.58203125 0.23828125 0.5
3 0.8583984375 0.638671875 0.1865234375 0.3671875
2 0.19921875 0.5810546875 0.236328125 0.8203125
2 0.4345703125 0.55859375 0.224609375 0.8623046875
2 0.857421875 0.62890625 0.2783203125 0.724609375
2 0.6396484375 0.5751953125 0.2236328125 0.83203125
4 0.212890625 0.6298828125 0.189453125 0.4345703125
0 0.8349609375 0.3271484375 0.09375 0.1083984375
0 0.63671875 0.212890625 0.08984375 0.1064453125
0 0.4697265625 0.1806640625 0.1015625 0.1064453125
0 0.2607421875 0.23828125 0.1201171875 0.13671875