3 0.921875 0.447265625 0.0966796875 0.1796875
3 0.4423828125 0.4599609375 0.0810546875 0.1220703125
3 0.341796875 0.4609375 0.07421875 0.15625
3 0.7333984375 0.462890625 0.0986328125 0.1103515625
3 0.6005859375 0.4638671875 0.078125 0.1171875
3 0.1318359375 0.4990234375 0.1015625 0.1962890625
3 0.2578125 0.501953125 0.099609375 0.1708984375
2 0.9189453125 0.517578125 0.1171875 0.513671875
2 0.130859375 0.5859375 0.1279296875 0.5830078125
2 0.5986328125 0.533203125 0.0908203125 0.3896484375
2 0.7265625 0.546875 0.1318359375 0.4306640625
2 0.2373046875 0.5830078125 0.1142578125 0.4931640625
2 0.4306640625 0.5283203125 0.1318359375 0.3935546875
2 0.3447265625 0.548828125 0.0771484375 0.4697265625
2 0.6826171875 0.5078125 0.0478515625 0.3408203125
0 0.916015625 0.291015625 0.052734375 0.0576171875
0 0.7216796875 0.3564453125 0.0390625 0.05078125
0 0.5966796875 0.3583984375 0.0390625 0.0458984375
0 0.439453125 0.3544921875 0.0361328125 0.0400390625
0 0.36328125 0.3359375 0.0419921875 0.0400390625
0 0.2490234375 0.361328125 0.05078125 0.0517578125
0 0.1396484375 0.32421875 0.0556640625 0.0556640625