4 0.2939453125 0.775390625 0.1748046875 0.4462890625
2 0.0703125 0.73828125 0.1396484375 0.5166015625
2 0.3212890625 0.681640625 0.2265625 0.6240234375
2 0.1611328125 0.7177734375 0.1484375 0.5537109375
2 0.6884765625 0.736328125 0.037109375 0.1669921875
2 0.7451171875 0.724609375 0.0380859375 0.1845703125
2 0.8349609375 0.720703125 0.041015625 0.1806640625
3 0.1845703125 0.7373046875 0.078125 0.2744140625
3 0.0849609375 0.740234375 0.09375 0.2978515625
3 0.8369140625 0.69921875 0.0283203125 0.076171875
3 0.744140625 0.7021484375 0.021484375 0.0712890625
3 0.6904296875 0.7080078125 0.025390625 0.0595703125
1 0.1845703125 0.47265625 0.0576171875 0.060546875
1 0.0888671875 0.505859375 0.0400390625 0.04296875
1 0.3310546875 0.46875 0.091796875 0.1865234375
1 0.8369140625 0.6435546875 0.013671875 0.0283203125
1 0.748046875 0.6474609375 0.0146484375 0.0263671875
1 0.6904296875 0.6669921875 0.015625 0.0302734375