4 0.322265625 0.724609375 0.126953125 0.3212890625
2 0.328125 0.70703125 0.1494140625 0.578125
2 0.927734375 0.75390625 0.1435546875 0.4892578125
2 0.5419921875 0.7255859375 0.1142578125 0.5419921875
2 0.2294921875 0.72265625 0.029296875 0.1474609375
2 0.6484375 0.7080078125 0.0419921875 0.16015625
2 0.771484375 0.6982421875 0.029296875 0.06640625
1 0.53515625 0.525390625 0.048828125 0.130859375
1 0.3427734375 0.4951171875 0.068359375 0.1416015625
3 0.5380859375 0.69140625 0.06640625 0.203125
3 0.2275390625 0.697265625 0.0185546875 0.0556640625
1 0.224609375 0.6591796875 0.0107421875 0.01953125
3 0.650390625 0.6884765625 0.0283203125 0.056640625
1 0.6513671875 0.6435546875 0.015625 0.025390625
3 0.9453125 0.7158203125 0.0732421875 0.177734375
1 0.9560546875 0.5634765625 0.05078125 0.0908203125
3 0.767578125 0.6982421875 0.0185546875 0.0322265625
1 0.7666015625 0.6748046875 0.0107421875 0.0166015625