4 0.1552734375 0.380859375 0.1025390625 0.275390625
4 0.7158203125 0.4150390625 0.115234375 0.2734375
2 0.201171875 0.544921875 0.193359375 0.8095703125
2 0.71484375 0.5546875 0.134765625 0.77734375
2 0.521484375 0.6376953125 0.1298828125 0.5458984375
2 0.271484375 0.5419921875 0.111328125 0.2900390625
3 0.5263671875 0.5517578125 0.111328125 0.142578125
3 0.2919921875 0.5546875 0.05859375 0.1767578125
1 0.52734375 0.4150390625 0.0498046875 0.091796875
1 0.7080078125 0.21484375 0.0556640625 0.09375
1 0.25 0.44140625 0.033203125 0.0849609375
1 0.1865234375 0.19921875 0.0537109375 0.111328125