3 0.7861328125 0.6484375 0.283203125 0.5791015625
3 0.1865234375 0.7109375 0.291015625 0.5439453125
3 0.53515625 0.73828125 0.19921875 0.5224609375
3 0.3994140625 0.7529296875 0.18359375 0.4931640625
2 0.76953125 0.5810546875 0.328125 0.837890625
2 0.193359375 0.5693359375 0.291015625 0.8603515625
2 0.55078125 0.60546875 0.2587890625 0.7890625
2 0.3623046875 0.6259765625 0.208984375 0.748046875
1 0.7880859375 0.2529296875 0.1279296875 0.181640625
1 0.5732421875 0.296875 0.111328125 0.173828125
0 0.3994140625 0.3203125 0.1162109375 0.12890625
0 0.185546875 0.2138671875 0.134765625 0.1494140625