3 0.638671875 0.40625 0.1357421875 0.33203125
3 0.2958984375 0.412109375 0.125 0.3212890625
3 0.12109375 0.4111328125 0.1220703125 0.3134765625
3 0.7587890625 0.4267578125 0.142578125 0.291015625
3 0.4228515625 0.439453125 0.109375 0.2705078125
3 0.525390625 0.4404296875 0.1083984375 0.23046875
2 0.294921875 0.35546875 0.119140625 0.4248046875
2 0.421875 0.3876953125 0.1064453125 0.3505859375
2 0.12890625 0.3623046875 0.142578125 0.419921875
2 0.7626953125 0.36328125 0.1279296875 0.40625
2 0.5263671875 0.380859375 0.1220703125 0.376953125
2 0.634765625 0.34765625 0.162109375 0.43359375
1 0.5283203125 0.23046875 0.0576171875 0.0732421875
1 0.6396484375 0.169921875 0.056640625 0.068359375
1 0.1416015625 0.1826171875 0.064453125 0.0654296875
1 0.7412109375 0.2333984375 0.0693359375 0.1357421875
1 0.3095703125 0.2080078125 0.0556640625 0.1220703125
1 0.42578125 0.2607421875 0.0556640625 0.1103515625