3 0.0908203125 0.3984375 0.119140625 0.23046875
3 0.6669921875 0.4130859375 0.1240234375 0.212890625
3 0.8134765625 0.4365234375 0.1103515625 0.18359375
3 0.3701171875 0.48828125 0.1318359375 0.2099609375
2 0.3603515625 0.5537109375 0.162109375 0.4599609375
2 0.814453125 0.46484375 0.1201171875 0.453125
2 0.6630859375 0.501953125 0.1220703125 0.5537109375
2 0.09375 0.443359375 0.1240234375 0.48046875
0 0.8037109375 0.2734375 0.0703125 0.06640625
0 0.1240234375 0.2431640625 0.060546875 0.07421875
0 0.6650390625 0.2646484375 0.0546875 0.0712890625
0 0.306640625 0.373046875 0.05859375 0.08984375