4 0.451171875 0.7373046875 0.0693359375 0.1630859375
4 0.609375 0.7783203125 0.0517578125 0.15234375
2 0.4453125 0.7451171875 0.1015625 0.3349609375
2 0.59765625 0.7666015625 0.138671875 0.27734375
2 0.8046875 0.8017578125 0.109375 0.2216796875
2 0.5908203125 0.453125 0.044921875 0.2392578125
2 0.27734375 0.4775390625 0.08984375 0.341796875
2 0.330078125 0.4345703125 0.044921875 0.2587890625
2 0.44921875 0.4208984375 0.0556640625 0.2587890625
2 0.3837890625 0.419921875 0.044921875 0.236328125
2 0.205078125 0.4072265625 0.08984375 0.302734375
2 0.392578125 0.666015625 0.0849609375 0.4140625
2 0.431640625 0.4912109375 0.0625 0.2041015625
4 0.794921875 0.8408203125 0.091796875 0.115234375
4 0.3916015625 0.5966796875 0.068359375 0.1298828125
4 0.4150390625 0.52734375 0.0654296875 0.1416015625
4 0.2744140625 0.4345703125 0.0693359375 0.138671875
4 0.5927734375 0.4150390625 0.037109375 0.115234375
4 0.4482421875 0.392578125 0.0478515625 0.12109375
4 0.3837890625 0.3857421875 0.0419921875 0.1015625
4 0.330078125 0.3984375 0.0419921875 0.1083984375
3 0.2060546875 0.3671875 0.0703125 0.1220703125
0 0.7880859375 0.7197265625 0.052734375 0.05078125
0 0.6083984375 0.6572265625 0.0478515625 0.0537109375
0 0.455078125 0.603515625 0.03515625 0.0498046875
0 0.4501953125 0.30859375 0.0283203125 0.033203125
0 0.28125 0.3271484375 0.029296875 0.04296875
0 0.21484375 0.2822265625 0.0302734375 0.0556640625
0 0.59765625 0.3466796875 0.01953125 0.0302734375