4 0.0771484375 0.390625 0.126953125 0.2763671875
4 0.4833984375 0.421875 0.1298828125 0.3408203125
4 0.2294921875 0.4228515625 0.0966796875 0.2392578125
4 0.3486328125 0.5068359375 0.1044921875 0.28125
4 0.6474609375 0.6171875 0.171875 0.46875
2 0.0830078125 0.4794921875 0.1640625 0.681640625
2 0.634765625 0.607421875 0.2421875 0.78125
2 0.337890625 0.564453125 0.1484375 0.658203125
2 0.220703125 0.517578125 0.130859375 0.619140625
2 0.474609375 0.5380859375 0.166015625 0.876953125
0 0.6640625 0.296875 0.087890625 0.1640625
0 0.482421875 0.138671875 0.068359375 0.0908203125
0 0.21875 0.259765625 0.05078125 0.0927734375
0 0.34765625 0.2802734375 0.0576171875 0.08203125
0 0.078125 0.1884765625 0.05859375 0.08984375