3 0.2490234375 0.623046875 0.1142578125 0.22265625
3 0.1435546875 0.626953125 0.1318359375 0.2265625
3 0.6708984375 0.6982421875 0.1640625 0.5185546875
3 0.478515625 0.69921875 0.314453125 0.6005859375
3 0.8662109375 0.7080078125 0.267578125 0.552734375
2 0.865234375 0.607421875 0.2685546875 0.7646484375
2 0.453125 0.5576171875 0.3720703125 0.865234375
2 0.1455078125 0.697265625 0.130859375 0.5966796875
2 0.240234375 0.7060546875 0.12109375 0.578125
2 0.6669921875 0.6416015625 0.169921875 0.6962890625
0 0.861328125 0.294921875 0.1357421875 0.138671875
0 0.673828125 0.345703125 0.083984375 0.10546875
0 0.4990234375 0.2666015625 0.130859375 0.15625
0 0.748046875 0.392578125 0.0625 0.056640625
0 0.2314453125 0.443359375 0.0498046875 0.0546875
0 0.140625 0.4404296875 0.0634765625 0.080078125