4 0.388671875 0.8212890625 0.212890625 0.3486328125
4 0.7109375 0.818359375 0.294921875 0.3583984375
2 0.3701171875 0.7119140625 0.31640625 0.5625
2 0.7158203125 0.6962890625 0.396484375 0.5947265625
2 0.173828125 0.8173828125 0.0732421875 0.294921875
2 0.92578125 0.8037109375 0.095703125 0.33984375
2 0.2509765625 0.796875 0.0517578125 0.1806640625
3 0.173828125 0.7900390625 0.048828125 0.13671875
3 0.9287109375 0.7587890625 0.0693359375 0.1015625
3 0.2587890625 0.806640625 0.033203125 0.0859375
1 0.6796875 0.498046875 0.09765625 0.1953125
1 0.9423828125 0.6572265625 0.029296875 0.03125
1 0.1728515625 0.6845703125 0.0224609375 0.02734375
1 0.2626953125 0.73046875 0.0244140625 0.0439453125
1 0.4072265625 0.513671875 0.09375 0.16015625