4 0.625 0.5830078125 0.138671875 0.369140625
4 0.4248046875 0.4404296875 0.0966796875 0.205078125
4 0.244140625 0.560546875 0.138671875 0.3623046875
4 0.0458984375 0.712890625 0.091796875 0.5712890625
2 0.0947265625 0.6162109375 0.1884765625 0.74609375
2 0.2783203125 0.6064453125 0.1923828125 0.775390625
2 0.427734375 0.6044921875 0.1494140625 0.787109375
2 0.6240234375 0.619140625 0.205078125 0.755859375
0 0.669921875 0.3134765625 0.0947265625 0.140625
0 0.43359375 0.26171875 0.0673828125 0.1025390625
0 0.2490234375 0.2783203125 0.091796875 0.123046875
0 0.12109375 0.33984375 0.134765625 0.1884765625