4 0.5224609375 0.4287109375 0.0966796875 0.248046875
4 0.3837890625 0.4365234375 0.1103515625 0.224609375
4 0.701171875 0.4384765625 0.1279296875 0.2275390625
4 0.220703125 0.453125 0.09765625 0.259765625
3 0.8642578125 0.466796875 0.107421875 0.26953125
2 0.705078125 0.537109375 0.1669921875 0.6474609375
2 0.2197265625 0.533203125 0.1474609375 0.6103515625
2 0.8681640625 0.541015625 0.16015625 0.640625
2 0.5185546875 0.5302734375 0.158203125 0.6337890625
2 0.373046875 0.533203125 0.15234375 0.6142578125
0 0.8623046875 0.2548828125 0.060546875 0.0654296875
0 0.685546875 0.248046875 0.068359375 0.0693359375
0 0.521484375 0.2509765625 0.0576171875 0.0791015625
0 0.37890625 0.2626953125 0.0654296875 0.0615234375
0 0.228515625 0.2587890625 0.0458984375 0.06640625