4 0.6240234375 0.6650390625 0.181640625 0.37890625
4 0.4873046875 0.6025390625 0.1201171875 0.25390625
4 0.3564453125 0.642578125 0.1884765625 0.3701171875
4 0.103515625 0.6201171875 0.1962890625 0.3505859375
2 0.6240234375 0.654296875 0.2412109375 0.6689453125
2 0.4853515625 0.654296875 0.1142578125 0.5615234375
2 0.3603515625 0.6318359375 0.2275390625 0.7158203125
2 0.1015625 0.603515625 0.203125 0.7607421875
0 0.5947265625 0.3671875 0.099609375 0.0869140625
0 0.5029296875 0.412109375 0.0537109375 0.0693359375
0 0.107421875 0.2919921875 0.146484375 0.1318359375
0 0.3779296875 0.33203125 0.09375 0.1171875