4 0.3330078125 0.353515625 0.08203125 0.2763671875
4 0.4521484375 0.4130859375 0.123046875 0.2568359375
2 0.7568359375 0.4814453125 0.212890625 0.8662109375
2 0.46484375 0.5419921875 0.1474609375 0.7568359375
2 0.34765625 0.517578125 0.1220703125 0.8525390625
2 0.154296875 0.6064453125 0.103515625 0.4462890625
2 0.05078125 0.640625 0.0556640625 0.3349609375
3 0.732421875 0.337890625 0.1435546875 0.2900390625
3 0.15625 0.53515625 0.0634765625 0.1708984375
2 0.0947265625 0.6220703125 0.06640625 0.4287109375
3 0.08984375 0.5498046875 0.052734375 0.142578125
3 0.0478515625 0.58203125 0.037109375 0.1064453125
1 0.71875 0.1083984375 0.044921875 0.1240234375
1 0.443359375 0.2080078125 0.0478515625 0.0947265625
1 0.3486328125 0.1435546875 0.0439453125 0.091796875
1 0.15625 0.4150390625 0.029296875 0.064453125
1 0.083984375 0.4384765625 0.0234375 0.0556640625
1 0.05078125 0.4990234375 0.0244140625 0.048828125