4 0.1064453125 0.4609375 0.1591796875 0.328125
4 0.552734375 0.4736328125 0.189453125 0.4638671875
3 0.826171875 0.4873046875 0.181640625 0.4365234375
3 0.296875 0.49609375 0.1845703125 0.330078125
2 0.103515625 0.58203125 0.2060546875 0.828125
2 0.5341796875 0.5263671875 0.283203125 0.9306640625
2 0.798828125 0.5400390625 0.2783203125 0.908203125
2 0.2998046875 0.5693359375 0.21875 0.8447265625
0 0.8203125 0.1396484375 0.0966796875 0.099609375
0 0.5439453125 0.115234375 0.091796875 0.1044921875
0 0.2880859375 0.19921875 0.087890625 0.1044921875
1 0.1220703125 0.21875 0.0771484375 0.099609375