3 0.5322265625 0.66796875 0.1962890625 0.298828125
3 0.7880859375 0.7138671875 0.2744140625 0.40234375
3 0.3427734375 0.546875 0.1572265625 0.2314453125
3 0.22265625 0.67578125 0.2060546875 0.44921875
2 0.78125 0.6318359375 0.287109375 0.71875
2 0.5458984375 0.671875 0.2255859375 0.6416015625
2 0.1259765625 0.49609375 0.251953125 0.98046875
2 0.2841796875 0.5986328125 0.31640625 0.7646484375
2 0.361328125 0.58984375 0.17578125 0.4951171875
1 0.765625 0.3427734375 0.1552734375 0.12890625
0 0.517578125 0.404296875 0.0888671875 0.1083984375
0 0.0849609375 0.0986328125 0.162109375 0.1904296875
0 0.3349609375 0.3798828125 0.0615234375 0.076171875
0 0.24609375 0.3271484375 0.1611328125 0.216796875