4 0.576171875 0.3955078125 0.1279296875 0.2236328125
4 0.322265625 0.3173828125 0.1513671875 0.306640625
4 0.7373046875 0.4765625 0.1064453125 0.2578125
4 0.4609375 0.3525390625 0.0810546875 0.2216796875
2 0.763671875 0.5576171875 0.2421875 0.6591796875
2 0.56640625 0.470703125 0.181640625 0.6357421875
2 0.318359375 0.5146484375 0.234375 0.9345703125
2 0.45703125 0.4755859375 0.1455078125 0.7001953125
1 0.44140625 0.189453125 0.0830078125 0.12109375
1 0.703125 0.28515625 0.060546875 0.1123046875
1 0.5908203125 0.212890625 0.072265625 0.1171875
2 0.6572265625 0.28125 0.0771484375 0.197265625
1 0.6494140625 0.216796875 0.05078125 0.078125
1 0.359375 0.1181640625 0.0927734375 0.1376953125