4 0.177734375 0.650390625 0.18359375 0.431640625
4 0.73046875 0.689453125 0.16015625 0.365234375
4 0.421875 0.7333984375 0.2197265625 0.490234375
2 0.19140625 0.626953125 0.2099609375 0.744140625
2 0.6962890625 0.6484375 0.240234375 0.701171875
2 0.4267578125 0.6513671875 0.275390625 0.697265625
2 0.59765625 0.603515625 0.173828125 0.7783203125
3 0.6005859375 0.5068359375 0.1591796875 0.3232421875
0 0.7060546875 0.3876953125 0.1171875 0.1728515625
0 0.5966796875 0.2568359375 0.08984375 0.0791015625
0 0.42578125 0.380859375 0.134765625 0.1396484375
0 0.1796875 0.3134765625 0.13671875 0.1142578125