4 0.443359375 0.404296875 0.115234375 0.2333984375
4 0.6982421875 0.361328125 0.08984375 0.201171875
2 0.4453125 0.4794921875 0.1171875 0.5615234375
2 0.705078125 0.4326171875 0.111328125 0.5126953125
2 0.83984375 0.4716796875 0.068359375 0.2724609375
2 0.9873046875 0.48828125 0.025390625 0.177734375
2 0.6025390625 0.6142578125 0.1669921875 0.2666015625
1 0.8408203125 0.3583984375 0.0244140625 0.0400390625
1 0.693359375 0.2138671875 0.0380859375 0.091796875
1 0.451171875 0.23828125 0.0361328125 0.080078125
1 0.599609375 0.5283203125 0.052734375 0.09765625
1 0.9873046875 0.4150390625 0.0244140625 0.0283203125