3 0.876953125 0.5673828125 0.181640625 0.4384765625
3 0.37890625 0.6015625 0.2060546875 0.4140625
3 0.1904296875 0.623046875 0.15234375 0.2880859375
3 0.0712890625 0.642578125 0.1416015625 0.4580078125
3 0.7314453125 0.716796875 0.23046875 0.380859375
2 0.0791015625 0.587890625 0.15625 0.802734375
2 0.3759765625 0.5927734375 0.263671875 0.7890625
2 0.72265625 0.6220703125 0.234375 0.728515625
2 0.8623046875 0.5673828125 0.2021484375 0.84375
2 0.193359375 0.6298828125 0.1640625 0.7177734375
2 0.6171875 0.6015625 0.1396484375 0.7509765625
2 0.9609375 0.5068359375 0.078125 0.9755859375
3 0.6298828125 0.572265625 0.09765625 0.2783203125
0 0.3681640625 0.255859375 0.1005859375 0.1083984375
0 0.7099609375 0.3408203125 0.150390625 0.154296875
0 0.828125 0.212890625 0.1337890625 0.1298828125
0 0.630859375 0.275390625 0.0859375 0.0927734375
0 0.177734375 0.318359375 0.109375 0.0966796875
0 0.0732421875 0.259765625 0.14453125 0.142578125
0 0.9638671875 0.0654296875 0.0712890625 0.12890625