4 0.84765625 0.587890625 0.060546875 0.2958984375
4 0.77734375 0.53125 0.0673828125 0.2509765625
2 0.220703125 0.4970703125 0.4404296875 0.984375
2 0.9814453125 0.265625 0.037109375 0.220703125
2 0.921875 0.0888671875 0.0283203125 0.138671875
2 0.55078125 0.576171875 0.087890625 0.5791015625
2 0.8955078125 0.0908203125 0.025390625 0.115234375
2 0.8134765625 0.66015625 0.130859375 0.66796875
2 0.4306640625 0.24609375 0.0361328125 0.1474609375
2 0.77734375 0.6474609375 0.0712890625 0.6787109375
2 0.4892578125 0.6982421875 0.146484375 0.58203125
3 0.2216796875 0.4599609375 0.3671875 0.5546875
3 0.427734375 0.224609375 0.015625 0.0517578125
3 0.55078125 0.5341796875 0.0595703125 0.275390625
3 0.486328125 0.6669921875 0.1103515625 0.212890625
3 0.982421875 0.248046875 0.03125 0.125
3 0.919921875 0.0712890625 0.01953125 0.0625
3 0.8955078125 0.0771484375 0.0205078125 0.0458984375
1 0.5634765625 0.3369140625 0.0556640625 0.09765625
1 0.4912109375 0.4697265625 0.0556640625 0.111328125
1 0.8154296875 0.3828125 0.048828125 0.091796875
1 0.767578125 0.36328125 0.044921875 0.1123046875
1 0.427734375 0.185546875 0.015625 0.02734375
1 0.984375 0.1728515625 0.015625 0.0380859375
1 0.9189453125 0.02734375 0.0146484375 0.02734375
1 0.896484375 0.041015625 0.01171875 0.01953125