4 0.4482421875 0.4052734375 0.046875 0.115234375
4 0.501953125 0.3935546875 0.03515625 0.1181640625
2 0.3671875 0.50390625 0.0986328125 0.412109375
2 0.4443359375 0.4599609375 0.07421875 0.3193359375
2 0.5078125 0.4580078125 0.0634765625 0.34765625
2 0.5537109375 0.462890625 0.044921875 0.2802734375
2 0.1162109375 0.48046875 0.076171875 0.318359375
2 0.662109375 0.455078125 0.0439453125 0.2001953125
2 0.197265625 0.41015625 0.037109375 0.1240234375
2 0.03125 0.474609375 0.05078125 0.279296875
2 0.064453125 0.4404296875 0.033203125 0.2568359375
2 0.2236328125 0.529296875 0.0390625 0.173828125
3 0.6552734375 0.439453125 0.02734375 0.083984375
3 0.5546875 0.423828125 0.0341796875 0.1044921875
3 0.3544921875 0.4609375 0.0576171875 0.185546875
3 0.2216796875 0.5068359375 0.025390625 0.0654296875
3 0.1962890625 0.4140625 0.0263671875 0.056640625
3 0.103515625 0.43359375 0.04296875 0.11328125
3 0.0625 0.38671875 0.01953125 0.0751953125
3 0.029296875 0.4365234375 0.0322265625 0.09375
1 0.109375 0.34765625 0.025390625 0.052734375
1 0.0634765625 0.3310546875 0.017578125 0.0322265625
1 0.0390625 0.3623046875 0.02734375 0.048828125
1 0.193359375 0.3671875 0.01953125 0.03515625
1 0.220703125 0.4599609375 0.0185546875 0.0302734375
1 0.349609375 0.33203125 0.0537109375 0.0673828125
1 0.45703125 0.32421875 0.0224609375 0.0458984375
1 0.5048828125 0.306640625 0.0234375 0.04296875
1 0.552734375 0.3466796875 0.0185546875 0.048828125
1 0.662109375 0.375 0.0185546875 0.041015625