3 0.1181640625 0.384765625 0.2001953125 0.439453125
3 0.728515625 0.248046875 0.09375 0.1826171875
3 0.8603515625 0.2607421875 0.095703125 0.220703125
3 0.9736328125 0.2822265625 0.052734375 0.220703125
3 0.6494140625 0.251953125 0.048828125 0.1669921875
3 0.4013671875 0.220703125 0.044921875 0.1044921875
3 0.5234375 0.23828125 0.0625 0.1279296875
3 0.5986328125 0.2568359375 0.0361328125 0.1201171875
3 0.314453125 0.2265625 0.0390625 0.0986328125
2 0.1611328125 0.50390625 0.279296875 0.9326171875
2 0.8671875 0.3359375 0.162109375 0.52734375
2 0.7333984375 0.3271484375 0.1357421875 0.4765625
2 0.400390625 0.2490234375 0.0517578125 0.2236328125
2 0.517578125 0.279296875 0.087890625 0.265625
2 0.6396484375 0.3115234375 0.1171875 0.390625
2 0.951171875 0.3701171875 0.095703125 0.556640625
2 0.4443359375 0.248046875 0.048828125 0.203125
2 0.318359375 0.265625 0.044921875 0.2001953125
1 0.1328125 0.1083984375 0.091796875 0.14453125
1 0.8740234375 0.107421875 0.0380859375 0.0751953125
1 0.72265625 0.1220703125 0.03125 0.0732421875
1 0.6328125 0.142578125 0.0263671875 0.060546875
1 0.52734375 0.1689453125 0.0234375 0.0498046875
1 0.40234375 0.1572265625 0.0224609375 0.0341796875
1 0.4404296875 0.158203125 0.021484375 0.0244140625