4 0.0595703125 0.498046875 0.083984375 0.134765625
4 0.615234375 0.564453125 0.064453125 0.1201171875
4 0.130859375 0.5556640625 0.041015625 0.115234375
4 0.203125 0.548828125 0.060546875 0.1376953125
4 0.2841796875 0.5888671875 0.0517578125 0.1298828125
4 0.4306640625 0.55078125 0.0546875 0.115234375
4 0.5068359375 0.533203125 0.064453125 0.1064453125
4 0.822265625 0.6044921875 0.041015625 0.0986328125
4 0.892578125 0.5576171875 0.0439453125 0.083984375
4 0.9580078125 0.546875 0.037109375 0.076171875
2 0.8876953125 0.5849609375 0.0625 0.240234375
2 0.822265625 0.6142578125 0.052734375 0.203125
2 0.619140625 0.6103515625 0.078125 0.271484375
2 0.2109375 0.603515625 0.080078125 0.353515625
2 0.958984375 0.583984375 0.052734375 0.2314453125
2 0.28125 0.6181640625 0.068359375 0.3017578125
2 0.517578125 0.58203125 0.0810546875 0.3427734375
2 0.4326171875 0.603515625 0.083984375 0.3193359375
2 0.0537109375 0.5830078125 0.0888671875 0.4375
2 0.1279296875 0.623046875 0.072265625 0.357421875
1 0.0712890625 0.3955078125 0.0419921875 0.064453125
1 0.134765625 0.47265625 0.0361328125 0.044921875
1 0.2109375 0.451171875 0.033203125 0.05078125
1 0.28515625 0.4912109375 0.0400390625 0.0439453125
1 0.44140625 0.4736328125 0.0322265625 0.046875
1 0.5166015625 0.44921875 0.03515625 0.0537109375
1 0.625 0.494140625 0.0361328125 0.04296875