3 0.69921875 0.4072265625 0.08203125 0.1953125
3 0.8359375 0.501953125 0.16015625 0.3427734375
3 0.396484375 0.560546875 0.1240234375 0.345703125
3 0.193359375 0.595703125 0.185546875 0.5078125
2 0.822265625 0.5615234375 0.2099609375 0.87109375
2 0.2265625 0.5498046875 0.251953125 0.8828125
2 0.3916015625 0.609375 0.1376953125 0.765625
2 0.701171875 0.48046875 0.1279296875 0.6220703125
0 0.1796875 0.177734375 0.1337890625 0.1474609375
0 0.400390625 0.2744140625 0.0771484375 0.0947265625
0 0.7060546875 0.205078125 0.064453125 0.072265625
0 0.7900390625 0.1943359375 0.103515625 0.150390625