4 0.5595703125 0.611328125 0.150390625 0.341796875
4 0.1728515625 0.642578125 0.1650390625 0.453125
4 0.7626953125 0.658203125 0.1806640625 0.3935546875
4 0.3857421875 0.6806640625 0.1484375 0.3818359375
2 0.7734375 0.65234375 0.2197265625 0.677734375
2 0.5673828125 0.6318359375 0.23046875 0.716796875
2 0.19140625 0.6259765625 0.2392578125 0.7275390625
2 0.384765625 0.6689453125 0.2099609375 0.6455078125
0 0.259765625 0.328125 0.103515625 0.1279296875
0 0.400390625 0.3935546875 0.08984375 0.0927734375
0 0.712890625 0.3583984375 0.08984375 0.091796875
0 0.5361328125 0.3173828125 0.0791015625 0.0849609375