3 0.53125 0.4140625 0.1953125 0.2265625
3 0.8564453125 0.4482421875 0.287109375 0.2607421875
3 0.322265625 0.396484375 0.2109375 0.3251953125
3 0.6669921875 0.419921875 0.068359375 0.2841796875
2 0.509765625 0.552734375 0.419921875 0.771484375
2 0.3515625 0.5205078125 0.2626953125 0.8466796875
2 0.8232421875 0.5771484375 0.353515625 0.751953125
2 0.716796875 0.494140625 0.203125 0.626953125
1 0.9677734375 0.2783203125 0.0634765625 0.12109375
1 0.4951171875 0.2294921875 0.1181640625 0.1142578125
1 0.732421875 0.2333984375 0.173828125 0.1259765625
1 0.388671875 0.173828125 0.16796875 0.16796875