4 0.3603515625 0.5927734375 0.1162109375 0.1728515625
4 0.45703125 0.5947265625 0.0576171875 0.19140625
4 0.505859375 0.60546875 0.087890625 0.16015625
4 0.5849609375 0.62109375 0.1181640625 0.2392578125
4 0.69921875 0.6005859375 0.08984375 0.1787109375
2 0.705078125 0.66796875 0.1357421875 0.44921875
2 0.5859375 0.6767578125 0.1162109375 0.458984375
2 0.3583984375 0.6708984375 0.1318359375 0.427734375
2 0.4970703125 0.68359375 0.1376953125 0.46484375
0 0.6982421875 0.4853515625 0.05078125 0.0771484375
0 0.587890625 0.4912109375 0.05078125 0.08203125
0 0.51171875 0.4951171875 0.05078125 0.0751953125
0 0.373046875 0.4921875 0.052734375 0.0859375