4 0.783203125 0.6337890625 0.0625 0.1435546875
4 0.482421875 0.521484375 0.072265625 0.078125
4 0.666015625 0.5244140625 0.0517578125 0.0859375
4 0.283203125 0.560546875 0.041015625 0.0673828125
4 0.373046875 0.5390625 0.046875 0.0859375
4 0.134765625 0.578125 0.0546875 0.1015625
4 0.630859375 0.51953125 0.078125 0.09375
2 0.75 0.5712890625 0.0732421875 0.224609375
2 0.146484375 0.6337890625 0.1220703125 0.2890625
2 0.673828125 0.5703125 0.0703125 0.263671875
2 0.453125 0.580078125 0.0634765625 0.263671875
2 0.373046875 0.595703125 0.0654296875 0.271484375
2 0.61328125 0.59765625 0.072265625 0.3232421875
2 0.283203125 0.58984375 0.0732421875 0.279296875
2 0.505859375 0.5849609375 0.0654296875 0.279296875
2 0.79296875 0.6455078125 0.0966796875 0.205078125
4 0.7509765625 0.54296875 0.0439453125 0.091796875
1 0.2822265625 0.4765625 0.0361328125 0.0498046875
1 0.3740234375 0.4814453125 0.0302734375 0.0458984375
1 0.455078125 0.470703125 0.03125 0.044921875
1 0.4970703125 0.470703125 0.0322265625 0.0478515625
1 0.126953125 0.5107421875 0.033203125 0.0419921875
1 0.78515625 0.5595703125 0.0458984375 0.03515625
1 0.75390625 0.482421875 0.0302734375 0.044921875
1 0.6728515625 0.4599609375 0.03125 0.04296875
1 0.6220703125 0.4580078125 0.025390625 0.04296875