3 0.8828125 0.4208984375 0.2265625 0.3212890625
3 0.58203125 0.439453125 0.1904296875 0.3369140625
3 0.103515625 0.462890625 0.2060546875 0.310546875
3 0.4521484375 0.4892578125 0.2880859375 0.3740234375
2 0.8603515625 0.55078125 0.25 0.888671875
2 0.1181640625 0.58203125 0.2177734375 0.8251953125
2 0.6171875 0.548828125 0.2265625 0.8828125
2 0.5234375 0.55078125 0.419921875 0.880859375
0 0.8974609375 0.1552734375 0.0947265625 0.1015625
0 0.109375 0.216796875 0.09375 0.091796875
0 0.5703125 0.1904296875 0.0869140625 0.0947265625
0 0.43359375 0.228515625 0.1181640625 0.142578125