4 0.2568359375 0.5224609375 0.0478515625 0.2109375
4 0.3193359375 0.51953125 0.060546875 0.197265625
2 0.345703125 0.662109375 0.1728515625 0.66796875
2 0.822265625 0.669921875 0.1552734375 0.65234375
2 0.5546875 0.75 0.07421875 0.3212890625
2 0.20703125 0.56640625 0.09765625 0.3740234375
2 0.9404296875 0.576171875 0.080078125 0.240234375
2 0.263671875 0.484375 0.0595703125 0.3017578125
2 0.1513671875 0.5341796875 0.0576171875 0.2236328125
2 0.732421875 0.7216796875 0.0927734375 0.3681640625
2 0.640625 0.50390625 0.0263671875 0.0791015625
2 0.9697265625 0.5322265625 0.060546875 0.2490234375
2 0.3212890625 0.4814453125 0.068359375 0.27734375
3 0.3779296875 0.568359375 0.0888671875 0.2333984375
3 0.5556640625 0.7158203125 0.0556640625 0.1259765625
3 0.810546875 0.626953125 0.11328125 0.3134765625
3 0.9658203125 0.5673828125 0.041015625 0.1796875
3 0.93359375 0.591796875 0.0595703125 0.1279296875
3 0.15234375 0.5537109375 0.05078125 0.123046875
3 0.6376953125 0.517578125 0.0185546875 0.0361328125
3 0.2119140625 0.6083984375 0.0654296875 0.224609375
3 0.743903125 0.712686111328125 0.75407890625 0.693288888671875 0.76425546875 0.620876388671875 0.71628203125 0.57949722265625 0.714828125 0.60406527734375 0.71119375 0.631220833984375 0.69811015625 0.6092375 0.70101796875 0.637686111328125 0.71628203125 0.706220833984375 0.743903125 0.712686111328125
1 0.9638671875 0.4453125 0.04296875 0.0693359375
1 0.931640625 0.4951171875 0.037109375 0.064453125
0 0.80078125 0.4130859375 0.1044921875 0.1279296875
1 0.7001953125 0.5732421875 0.0263671875 0.06640625
1 0.5537109375 0.619140625 0.0283203125 0.052734375
1 0.6357421875 0.4794921875 0.0185546875 0.0283203125
1 0.3759765625 0.3974609375 0.0556640625 0.1376953125
1 0.3349609375 0.3818359375 0.0419921875 0.083984375
1 0.2724609375 0.3779296875 0.0361328125 0.08984375
1 0.216796875 0.4306640625 0.0390625 0.09375
1 0.1552734375 0.458984375 0.0341796875 0.0654296875