3 0.2626953125 0.4677734375 0.0712890625 0.1689453125
3 0.451171875 0.4990234375 0.107421875 0.18359375
3 0.587890625 0.5009765625 0.107421875 0.203125
3 0.7548828125 0.5771484375 0.1103515625 0.267578125
3 0.333984375 0.6005859375 0.126953125 0.2626953125
2 0.5849609375 0.5927734375 0.146484375 0.5712890625
2 0.443359375 0.5791015625 0.138671875 0.5341796875
2 0.7529296875 0.6591796875 0.119140625 0.67578125
2 0.34375 0.6787109375 0.166015625 0.640625
2 0.2568359375 0.5478515625 0.0927734375 0.5068359375
2 0.06640625 0.5234375 0.109375 0.396484375
2 0.025390625 0.560546875 0.0498046875 0.484375
3 0.0703125 0.4619140625 0.0859375 0.13671875
3 0.01953125 0.4873046875 0.0380859375 0.1552734375
0 0.7490234375 0.3623046875 0.0986328125 0.0732421875
0 0.5966796875 0.3330078125 0.0498046875 0.0693359375
0 0.4462890625 0.341796875 0.0546875 0.05859375
0 0.2607421875 0.3251953125 0.052734375 0.0576171875
0 0.34375 0.40234375 0.0927734375 0.0966796875
0 0.0615234375 0.3447265625 0.0390625 0.0517578125
0 0.0224609375 0.3330078125 0.025390625 0.0576171875