4 0.169921875 0.4345703125 0.1298828125 0.197265625
4 0.416015625 0.392578125 0.0888671875 0.197265625
4 0.69921875 0.376953125 0.095703125 0.2109375
4 0.5400390625 0.353515625 0.09375 0.1669921875
4 0.255859375 0.240234375 0.0595703125 0.1142578125
4 0.3623046875 0.25390625 0.048828125 0.080078125
3 0.837890625 0.3232421875 0.0654296875 0.119140625
2 0.166015625 0.556640625 0.2529296875 0.6591796875
2 0.693359375 0.482421875 0.1376953125 0.5888671875
2 0.4052734375 0.517578125 0.1435546875 0.5732421875
2 0.5234375 0.4697265625 0.140625 0.5576171875
2 0.8349609375 0.310546875 0.1044921875 0.193359375
2 0.064453125 0.189453125 0.046875 0.1171875
2 0.2666015625 0.3310546875 0.083984375 0.390625
2 0.478515625 0.216796875 0.0576171875 0.150390625
2 0.15625 0.1904296875 0.072265625 0.111328125
2 0.681640625 0.0615234375 0.044921875 0.064453125
2 0.3671875 0.2255859375 0.0830078125 0.15625
2 0.4189453125 0.197265625 0.048828125 0.134765625
2 0.115234375 0.1875 0.029296875 0.1123046875
4 0.4775390625 0.2177734375 0.0537109375 0.068359375
1 0.5615234375 0.2421875 0.048828125 0.09765625
1 0.7080078125 0.244140625 0.0634765625 0.1103515625
1 0.2568359375 0.1650390625 0.0341796875 0.0625
1 0.4384765625 0.283203125 0.056640625 0.1044921875
1 0.466796875 0.1689453125 0.0263671875 0.052734375
1 0.189453125 0.2890625 0.0615234375 0.1240234375
0 0.849609375 0.2421875 0.0537109375 0.0556640625
0 0.671875 0.044921875 0.0234375 0.0283203125
1 0.353515625 0.1787109375 0.0361328125 0.068359375