4 0.5244140625 0.66796875 0.0810546875 0.134765625
4 0.4365234375 0.6826171875 0.0712890625 0.14453125
4 0.3056640625 0.59765625 0.0419921875 0.0751953125
4 0.3515625 0.5966796875 0.0400390625 0.0771484375
2 0.5166015625 0.763671875 0.0888671875 0.4638671875
2 0.4384765625 0.7529296875 0.0810546875 0.4013671875
2 0.3095703125 0.640625 0.048828125 0.2138671875
2 0.345703125 0.6376953125 0.0478515625 0.2119140625
0 0.314453125 0.5478515625 0.0263671875 0.025390625
0 0.3515625 0.54296875 0.0263671875 0.0263671875
0 0.4375 0.578125 0.044921875 0.0498046875
0 0.49609375 0.564453125 0.044921875 0.0654296875