4 0.1474609375 0.8037109375 0.1787109375 0.390625
4 0.6181640625 0.7919921875 0.130859375 0.4072265625
2 0.1591796875 0.7099609375 0.197265625 0.5732421875
2 0.60546875 0.7177734375 0.16015625 0.55859375
2 0.337890625 0.7802734375 0.1650390625 0.4375
2 0.4775390625 0.8056640625 0.02734375 0.0615234375
2 0.787109375 0.7998046875 0.033203125 0.0751953125
1 0.5625 0.48828125 0.07421875 0.0986328125
1 0.1796875 0.4765625 0.1025390625 0.09765625
1 0.3271484375 0.638671875 0.0947265625 0.1494140625
1 0.7880859375 0.771484375 0.0107421875 0.015625