3 0.22265625 0.6103515625 0.123046875 0.3515625
4 0.5263671875 0.6171875 0.126953125 0.3232421875
4 0.6298828125 0.6259765625 0.1181640625 0.3095703125
4 0.34765625 0.6298828125 0.1474609375 0.3330078125
3 0.1201171875 0.6552734375 0.109375 0.3466796875
4 0.828125 0.6875 0.1337890625 0.421875
2 0.16015625 0.65625 0.1982421875 0.671875
2 0.7021484375 0.59375 0.189453125 0.46875
2 0.5166015625 0.5517578125 0.140625 0.4619140625
2 0.21484375 0.63671875 0.1298828125 0.7021484375
2 0.6298828125 0.548828125 0.1318359375 0.4892578125
2 0.8212890625 0.6298828125 0.1630859375 0.7119140625
2 0.353515625 0.560546875 0.1826171875 0.470703125
3 0.7431640625 0.640625 0.0888671875 0.287109375
0 0.798828125 0.3271484375 0.1142578125 0.103515625
0 0.732421875 0.416015625 0.1044921875 0.09765625
0 0.626953125 0.3525390625 0.1005859375 0.087890625
0 0.5302734375 0.373046875 0.095703125 0.1103515625
0 0.3662109375 0.37109375 0.0751953125 0.087890625
0 0.2197265625 0.330078125 0.0732421875 0.0888671875
0 0.1181640625 0.37890625 0.1025390625 0.1123046875