3 0.4921875 0.5830078125 0.1259765625 0.1943359375
3 0.8818359375 0.603515625 0.1943359375 0.2373046875
3 0.69140625 0.6064453125 0.1650390625 0.248046875
3 0.32421875 0.6171875 0.125 0.263671875
3 0.1533203125 0.6455078125 0.15625 0.2509765625
2 0.87890625 0.693359375 0.1865234375 0.6025390625
2 0.1572265625 0.701171875 0.162109375 0.583984375
2 0.6884765625 0.693359375 0.1669921875 0.6025390625
2 0.33984375 0.6962890625 0.1513671875 0.59765625
2 0.490234375 0.6923828125 0.123046875 0.60546875
2 0.625 0.7041015625 0.0625 0.5361328125
3 0.626953125 0.6025390625 0.048828125 0.16796875
1 0.3505859375 0.4296875 0.0634765625 0.064453125
1 0.4892578125 0.4130859375 0.0439453125 0.048828125
1 0.1865234375 0.4501953125 0.0654296875 0.078125
1 0.8525390625 0.4169921875 0.05078125 0.0478515625
1 0.681640625 0.4228515625 0.0556640625 0.05859375
1 0.630859375 0.45703125 0.0380859375 0.0458984375