4 0.4541015625 0.43359375 0.06640625 0.1552734375
2 0.455078125 0.5107421875 0.087890625 0.41796875
2 0.6416015625 0.470703125 0.0478515625 0.2431640625
2 0.541015625 0.5009765625 0.0478515625 0.2294921875
2 0.3427734375 0.458984375 0.0419921875 0.20703125
2 0.404296875 0.4609375 0.0283203125 0.19140625
2 0.6689453125 0.4150390625 0.0244140625 0.1123046875
2 0.6923828125 0.416015625 0.025390625 0.107421875
3 0.54296875 0.46875 0.0322265625 0.091796875
3 0.642578125 0.4248046875 0.0341796875 0.0830078125
3 0.3427734375 0.42578125 0.033203125 0.060546875
3 0.4052734375 0.4228515625 0.0205078125 0.052734375
3 0.69140625 0.4052734375 0.01953125 0.05078125
3 0.6689453125 0.40234375 0.0185546875 0.041015625
1 0.453125 0.3330078125 0.025390625 0.0615234375
1 0.541015625 0.4052734375 0.0205078125 0.041015625
1 0.63671875 0.3662109375 0.01953125 0.0302734375
1 0.669921875 0.3740234375 0.009765625 0.025390625
1 0.689453125 0.3681640625 0.0087890625 0.0205078125
1 0.404296875 0.3779296875 0.0166015625 0.0244140625
1 0.3427734375 0.37109375 0.01953125 0.0302734375