4 0.169921875 0.4345703125 0.1298828125 0.197265625
4 0.416015625 0.392578125 0.0888671875 0.197265625
4 0.69921875 0.376953125 0.095703125 0.2109375
4 0.5400390625 0.353515625 0.09375 0.1669921875
4 0.255859375 0.240234375 0.0595703125 0.1142578125
4 0.3623046875 0.25390625 0.048828125 0.080078125
2 0.166015625 0.556640625 0.2529296875 0.6591796875
2 0.693359375 0.482421875 0.1376953125 0.5888671875
2 0.4072265625 0.517578125 0.140625 0.5732421875
2 0.5234375 0.4697265625 0.140625 0.5576171875
2 0.8349609375 0.310546875 0.1044921875 0.193359375
2 0.064453125 0.189453125 0.048828125 0.1171875
2 0.2666015625 0.3310546875 0.083984375 0.390625
2 0.478515625 0.216796875 0.0576171875 0.150390625
2 0.681640625 0.060546875 0.044921875 0.064453125
2 0.15625 0.1904296875 0.072265625 0.111328125
2 0.3671875 0.2255859375 0.083984375 0.15625
2 0.4189453125 0.197265625 0.048828125 0.134765625
2 0.115234375 0.1875 0.029296875 0.1123046875
3 0.837890625 0.326171875 0.0615234375 0.12890625
0 0.849609375 0.2431640625 0.048828125 0.0517578125
0 0.671875 0.044921875 0.0234375 0.0283203125
4 0.4765625 0.2333984375 0.046875 0.0830078125
1 0.193359375 0.2919921875 0.076171875 0.1240234375
1 0.4365234375 0.2880859375 0.056640625 0.107421875
1 0.5625 0.2421875 0.0517578125 0.103515625
1 0.7109375 0.2451171875 0.0615234375 0.111328125
1 0.2578125 0.1650390625 0.0400390625 0.060546875
1 0.4677734375 0.1708984375 0.029296875 0.0556640625
1 0.353515625 0.181640625 0.0341796875 0.068359375
1 0.060546875 0.150390625 0.0263671875 0.037109375