4 0.30859375 0.4501953125 0.1748046875 0.2646484375
4 0.14453125 0.4990234375 0.1962890625 0.2109375
4 0.853515625 0.841796875 0.19921875 0.31640625
2 0.1259765625 0.5908203125 0.21875 0.7705078125
2 0.765625 0.724609375 0.3740234375 0.537109375
2 0.357421875 0.5185546875 0.306640625 0.8271484375
2 0.5 0.58984375 0.1435546875 0.7587890625
2 0.6865234375 0.5654296875 0.2177734375 0.80078125
4 0.689453125 0.5234375 0.1982421875 0.3369140625
4 0.5029296875 0.5771484375 0.12890625 0.4169921875
0 0.7314453125 0.2265625 0.107421875 0.1220703125
0 0.7578125 0.5390625 0.1572265625 0.17578125
0 0.4716796875 0.2626953125 0.095703125 0.111328125
0 0.2685546875 0.181640625 0.11328125 0.1513671875
0 0.16796875 0.28515625 0.1337890625 0.146484375