4 0.6025390625 0.443359375 0.080078125 0.076171875
4 0.3564453125 0.533203125 0.28125 0.2734375
4 0.740234375 0.517578125 0.1796875 0.197265625
4 0.4912109375 0.4970703125 0.138671875 0.173828125
2 0.728515625 0.5537109375 0.1845703125 0.412109375
2 0.337890625 0.6328125 0.373046875 0.6357421875
2 0.5048828125 0.5380859375 0.154296875 0.4013671875
2 0.611328125 0.4677734375 0.125 0.265625
0 0.357421875 0.369140625 0.1201171875 0.1064453125
1 0.494140625 0.373046875 0.0732421875 0.068359375
1 0.7265625 0.3896484375 0.0703125 0.05078125
1 0.5986328125 0.3759765625 0.041015625 0.0361328125