4 0.400390625 0.5673828125 0.0869140625 0.185546875
4 0.7216796875 0.5869140625 0.091796875 0.189453125
4 0.2919921875 0.587890625 0.08984375 0.1826171875
4 0.599609375 0.591796875 0.080078125 0.16796875
3 0.830078125 0.591796875 0.1103515625 0.2158203125
3 0.5048828125 0.599609375 0.0947265625 0.208984375
4 0.1943359375 0.6123046875 0.08203125 0.2001953125
2 0.1767578125 0.6953125 0.13671875 0.603515625
2 0.7216796875 0.6630859375 0.1103515625 0.56640625
2 0.830078125 0.66015625 0.1318359375 0.5625
2 0.50390625 0.6708984375 0.12890625 0.54296875
2 0.2880859375 0.6865234375 0.1240234375 0.5927734375
2 0.61328125 0.6728515625 0.1123046875 0.5380859375
2 0.3935546875 0.6708984375 0.1220703125 0.625
2 0.3525390625 0.40625 0.0732421875 0.1806640625
2 0.248046875 0.416015625 0.0751953125 0.1943359375
2 0.5390625 0.42578125 0.0751953125 0.1806640625
3 0.619560935546875 0.458464052734375 0.618525876953125 0.48145098046875 0.64855592578125 0.503087146484375 0.658909849609375 0.576108931640625 0.675477462890625 0.574758169921875 0.673407345703125 0.504440087890625 0.692046744140625 0.4773943359375 0.694116861328125 0.46792810546875 0.66128714453125 0.442568626953125 0.646484140625 0.47198475 0.62888146875 0.451701525390625 0.619560935546875 0.458464052734375
3 0.51911853125 0.461167755859375 0.5211886484375 0.48686056640625 0.54396994921875 0.4936209140625 0.565716193359375 0.508496732421875 0.582283806640625 0.48415686328125 0.582283806640625 0.448997822265625 0.574 0.4219520703125 0.54164273828125 0.4110980390625 0.536721201171875 0.42600871484375 0.5242954921875 0.443588234375 0.51911853125 0.461167755859375
3 0.33790651171875 0.49227015234375 0.371041736328125 0.462520697265625 0.387609349609375 0.451701525390625 0.433171953125 0.469281044921875 0.421781302734375 0.407078431640625 0.357076794921875 0.40141612109375 0.320302169921875 0.442235294921875 0.318232052734375 0.485507625 0.3285859765625 0.4936209140625 0.33790651171875 0.49227015234375
3 0.230213689453125 0.503087146484375 0.27059933203125 0.469281044921875 0.321337228515625 0.485507625 0.320302169921875 0.442235294921875 0.286130216796875 0.38138562109375 0.258171953125 0.412485837890625 0.2346510859375 0.38568191796875 0.209504173828125 0.404372548828125 0.210539232421875 0.461167755859375 0.21778798046875 0.504440087890625 0.230213689453125 0.503087146484375
2 0.658203125 0.4765625 0.0859375 0.2255859375
0 0.8017578125 0.4111328125 0.0537109375 0.0595703125
0 0.7138671875 0.40625 0.0576171875 0.05078125
0 0.6455078125 0.3876953125 0.0478515625 0.0458984375
0 0.5986328125 0.4267578125 0.048828125 0.046875
0 0.52734375 0.361328125 0.048828125 0.0458984375
0 0.3984375 0.384765625 0.0576171875 0.0537109375
0 0.5009765625 0.423828125 0.0478515625 0.046875
0 0.3623046875 0.345703125 0.044921875 0.046875
0 0.255859375 0.3447265625 0.0498046875 0.046875
0 0.189453125 0.421875 0.0595703125 0.0439453125
0 0.29296875 0.404296875 0.05078125 0.0400390625