4 0.22265625 0.6298828125 0.21875 0.5849609375
4 0.6787109375 0.587890625 0.2060546875 0.712890625
2 0.20703125 0.5576171875 0.337890625 0.8720703125
2 0.7314453125 0.49609375 0.3779296875 0.9892578125
2 0.4560546875 0.376953125 0.0537109375 0.2412109375
2 0.41015625 0.3486328125 0.03125 0.1787109375
3 0.45703125 0.3408203125 0.0341796875 0.0966796875
3 0.408203125 0.32421875 0.021484375 0.0830078125
0 0.6787109375 0.1162109375 0.2275390625 0.232421875
0 0.2158203125 0.2236328125 0.19140625 0.2060546875
1 0.4560546875 0.279296875 0.017578125 0.0439453125
1 0.408203125 0.275390625 0.0234375 0.033203125