4 0.1884765625 0.662109375 0.1884765625 0.3994140625
4 0.3251953125 0.6455078125 0.1142578125 0.2880859375
4 0.4736328125 0.6865234375 0.15234375 0.423828125
4 0.5849609375 0.62890625 0.08203125 0.3388671875
4 0.732421875 0.8017578125 0.18359375 0.390625
4 0.833984375 0.546875 0.0400390625 0.1259765625
4 0.9111328125 0.5478515625 0.0859375 0.1533203125
2 0.45703125 0.654296875 0.1943359375 0.67578125
2 0.1806640625 0.6484375 0.2822265625 0.6845703125
2 0.3251953125 0.6904296875 0.1162109375 0.603515625
2 0.572265625 0.6650390625 0.1259765625 0.6513671875
2 0.919921875 0.623046875 0.1083984375 0.458984375
2 0.716796875 0.6611328125 0.25 0.6611328125
2 0.822265625 0.51171875 0.064453125 0.2041015625
0 0.1728515625 0.373046875 0.0830078125 0.1337890625
0 0.3076171875 0.4375 0.0703125 0.087890625
0 0.4248046875 0.37890625 0.115234375 0.1337890625
0 0.544921875 0.4189453125 0.072265625 0.1484375
0 0.7060546875 0.4375 0.138671875 0.1904296875
0 0.8134765625 0.4423828125 0.041015625 0.06640625
1 0.9033203125 0.427734375 0.0595703125 0.0634765625