4 0.20703125 0.60546875 0.2373046875 0.51171875
4 0.70703125 0.736328125 0.265625 0.5263671875
4 0.4013671875 0.748046875 0.21484375 0.5029296875
2 0.2158203125 0.537109375 0.2587890625 0.90625
2 0.6953125 0.58203125 0.3505859375 0.81640625
2 0.392578125 0.6005859375 0.267578125 0.7783203125
2 0.5556640625 0.5947265625 0.1767578125 0.7880859375
4 0.5615234375 0.685546875 0.1826171875 0.4755859375
0 0.6865234375 0.2548828125 0.13671875 0.1396484375
0 0.568359375 0.263671875 0.115234375 0.1123046875
0 0.40234375 0.296875 0.158203125 0.1533203125
0 0.255859375 0.1513671875 0.1337890625 0.138671875