4 0.78125 0.6357421875 0.095703125 0.2158203125
4 0.685546875 0.556640625 0.103515625 0.203125
4 0.568359375 0.5166015625 0.087890625 0.1826171875
4 0.2451171875 0.5859375 0.1533203125 0.2294921875
4 0.392578125 0.525390625 0.142578125 0.212890625
2 0.1103515625 0.6259765625 0.220703125 0.654296875
2 0.37109375 0.6396484375 0.189453125 0.5517578125
2 0.8505859375 0.6015625 0.2890625 0.5859375
2 0.234375 0.6552734375 0.158203125 0.541015625
2 0.673828125 0.6328125 0.146484375 0.517578125
2 0.779296875 0.673828125 0.1123046875 0.4189453125
2 0.5419921875 0.615234375 0.173828125 0.587890625
3 0.8828125 0.509765625 0.1875 0.28515625
3 0.1103515625 0.5185546875 0.2041015625 0.244140625
1 0.103515625 0.349609375 0.0751953125 0.0966796875
1 0.25 0.4296875 0.060546875 0.08203125
1 0.3662109375 0.3974609375 0.0693359375 0.0810546875
1 0.8720703125 0.357421875 0.083984375 0.09765625
1 0.544921875 0.3681640625 0.076171875 0.087890625
1 0.6796875 0.416015625 0.068359375 0.078125
1 0.767578125 0.5068359375 0.0615234375 0.0849609375