4 0.7158203125 0.5048828125 0.0732421875 0.1953125
4 0.345703125 0.5537109375 0.080078125 0.2265625
4 0.5888671875 0.5576171875 0.0595703125 0.15625
4 0.9453125 0.626953125 0.1064453125 0.3017578125
4 0.470703125 0.6279296875 0.1435546875 0.3984375
2 0.9306640625 0.65234375 0.1376953125 0.576171875
2 0.4833984375 0.6279296875 0.208984375 0.740234375
2 0.3447265625 0.62109375 0.107421875 0.525390625
2 0.71875 0.576171875 0.1123046875 0.490234375
2 0.591796875 0.591796875 0.0673828125 0.369140625
0 0.95703125 0.3935546875 0.0595703125 0.056640625
0 0.48828125 0.306640625 0.0693359375 0.0888671875
0 0.71875 0.3525390625 0.033203125 0.044921875
0 0.3427734375 0.38671875 0.0390625 0.0498046875
0 0.587890625 0.431640625 0.029296875 0.0341796875