4 0.091796875 0.390625 0.130859375 0.2763671875
4 0.4833984375 0.421875 0.1298828125 0.3408203125
4 0.2294921875 0.4228515625 0.0966796875 0.2392578125
4 0.349609375 0.5009765625 0.1044921875 0.28125
4 0.669921875 0.609375 0.171875 0.46875
2 0.083984375 0.4794921875 0.166015625 0.6845703125
2 0.3388671875 0.56640625 0.1484375 0.6591796875
2 0.634765625 0.6083984375 0.244140625 0.779296875
2 0.220703125 0.517578125 0.1298828125 0.6171875
2 0.474609375 0.5390625 0.1669921875 0.8828125
0 0.6591796875 0.30859375 0.091796875 0.1826171875
0 0.4814453125 0.1708984375 0.072265625 0.1572265625
0 0.33984375 0.3046875 0.0712890625 0.130859375
0 0.0791015625 0.20703125 0.0595703125 0.126953125
0 0.21484375 0.2763671875 0.0576171875 0.125