4 0.189453125 0.705078125 0.2275390625 0.58203125
4 0.7626953125 0.765625 0.2119140625 0.4541015625
2 0.5087890625 0.69140625 0.3623046875 0.6025390625
2 0.7978515625 0.6591796875 0.341796875 0.6669921875
2 0.216796875 0.5791015625 0.267578125 0.826171875
2 0.919921875 0.63671875 0.10546875 0.3583984375
3 0.4931640625 0.8681640625 0.2822265625 0.2138671875
3 0.916015625 0.6826171875 0.08203125 0.2353515625
1 0.912109375 0.5107421875 0.046875 0.107421875
1 0.494140625 0.5673828125 0.15234375 0.3359375
0 0.21484375 0.2705078125 0.1806640625 0.2099609375
0 0.7236328125 0.4306640625 0.19921875 0.2119140625