3 0.478515625 0.7587890625 0.2685546875 0.4814453125
3 0.77734375 0.7919921875 0.3447265625 0.4111328125
3 0.2333984375 0.837890625 0.2216796875 0.32421875
2 0.78125 0.5068359375 0.357421875 0.986328125
2 0.232421875 0.638671875 0.2333984375 0.7216796875
2 0.4775390625 0.515625 0.283203125 0.96875
2 0.162109375 0.537109375 0.083984375 0.4814453125
3 0.169921875 0.537109375 0.0634765625 0.208984375
0 0.7421875 0.1767578125 0.232421875 0.31640625
0 0.48828125 0.16015625 0.1748046875 0.2734375
0 0.2421875 0.4169921875 0.17578125 0.2783203125
0 0.1591796875 0.33203125 0.060546875 0.05859375