4 0.4462890625 0.306640625 0.1103515625 0.2783203125
4 0.208984375 0.4375 0.1123046875 0.2490234375
4 0.619140625 0.853515625 0.0966796875 0.1767578125
2 0.2021484375 0.5556640625 0.1318359375 0.63671875
2 0.439453125 0.4609375 0.1337890625 0.84375
2 0.5927734375 0.841796875 0.21875 0.203125
2 0.3330078125 0.6689453125 0.1533203125 0.333984375
4 0.3623046875 0.646484375 0.0859375 0.1796875
0 0.4326171875 0.099609375 0.056640625 0.0859375
0 0.3271484375 0.5390625 0.0546875 0.0791015625
1 0.2353515625 0.2919921875 0.046875 0.103515625
0 0.5322265625 0.8193359375 0.06640625 0.1650390625