4 0.443359375 0.380859375 0.068359375 0.197265625
4 0.544921875 0.4150390625 0.0751953125 0.201171875
2 0.5478515625 0.513671875 0.1025390625 0.5634765625
2 0.443359375 0.5 0.0947265625 0.6083984375
2 0.04296875 0.50390625 0.0166015625 0.08203125
2 0.7353515625 0.48046875 0.142578125 0.578125
3 0.7119140625 0.384765625 0.068359375 0.2197265625
3 0.04296875 0.4912109375 0.013671875 0.03125
1 0.689453125 0.2373046875 0.044921875 0.0908203125
1 0.5458984375 0.2744140625 0.0458984375 0.07421875
1 0.4443359375 0.23828125 0.041015625 0.09375