4 0.375 0.490234375 0.087890625 0.2197265625
2 0.9287109375 0.7412109375 0.0849609375 0.31640625
2 0.3671875 0.61328125 0.1123046875 0.6513671875
2 0.5146484375 0.6220703125 0.0546875 0.41796875
2 0.6044921875 0.638671875 0.10546875 0.5615234375
2 0.0380859375 0.5107421875 0.076171875 0.232421875
2 0.017578125 0.7822265625 0.03515625 0.279296875
2 0.8876953125 0.484375 0.0341796875 0.115234375
2 0.0849609375 0.49609375 0.037109375 0.12890625
3 0.03515625 0.556640625 0.0654296875 0.14453125
3 0.0166015625 0.76171875 0.033203125 0.1328125
3 0.509765625 0.564453125 0.04296875 0.1572265625
3 0.5986328125 0.5849609375 0.072265625 0.2470703125
3 0.9296875 0.693359375 0.0576171875 0.0986328125
3 0.888671875 0.4970703125 0.029296875 0.07421875
3 0.0869140625 0.501953125 0.0283203125 0.0732421875
4 0.33203125 0.498046875 0.0361328125 0.21484375
1 0.931640625 0.6123046875 0.0380859375 0.0517578125
1 0.6123046875 0.4072265625 0.056640625 0.0947265625
1 0.3837890625 0.3330078125 0.04296875 0.0810546875
1 0.0234375 0.4423828125 0.0361328125 0.0986328125
1 0.5048828125 0.4453125 0.03515625 0.056640625
1 0.892578125 0.44140625 0.0166015625 0.03515625
1 0.087890625 0.447265625 0.0166015625 0.02734375