4 0.1240234375 0.40234375 0.095703125 0.2099609375
4 0.7158203125 0.4248046875 0.099609375 0.18359375
4 0.4951171875 0.4365234375 0.087890625 0.1953125
4 0.373046875 0.4453125 0.0849609375 0.2001953125
4 0.830078125 0.466796875 0.126953125 0.1982421875
4 0.224609375 0.46875 0.091796875 0.224609375
4 0.607421875 0.5068359375 0.0849609375 0.2060546875
2 0.8349609375 0.591796875 0.1904296875 0.744140625
2 0.11328125 0.5341796875 0.13671875 0.7275390625
2 0.72265625 0.5380859375 0.1484375 0.662109375
2 0.4990234375 0.53125 0.134765625 0.6298828125
2 0.21484375 0.560546875 0.126953125 0.671875
2 0.611328125 0.5849609375 0.125 0.6220703125
2 0.3798828125 0.5390625 0.1318359375 0.6494140625
2 0.30078125 0.5244140625 0.09765625 0.671875
4 0.3017578125 0.412109375 0.08203125 0.2080078125
0 0.4892578125 0.251953125 0.0595703125 0.0576171875
0 0.1337890625 0.2001953125 0.0576171875 0.0576171875
0 0.3037109375 0.2177734375 0.0517578125 0.0517578125
0 0.3759765625 0.2451171875 0.0576171875 0.056640625
0 0.2099609375 0.2607421875 0.068359375 0.0703125
0 0.7275390625 0.2392578125 0.056640625 0.0556640625
0 0.8212890625 0.2587890625 0.07421875 0.0751953125
0 0.5986328125 0.3076171875 0.0576171875 0.0576171875