4 0.572265625 0.52734375 0.193359375 0.490234375
4 0.341796875 0.5771484375 0.140625 0.619140625
4 0.8017578125 0.5986328125 0.2158203125 0.5546875
4 0.1455078125 0.6064453125 0.265625 0.529296875
2 0.5732421875 0.4951171875 0.2470703125 0.822265625
2 0.1455078125 0.4580078125 0.291015625 0.8857421875
2 0.791015625 0.4677734375 0.2783203125 0.87109375
2 0.318359375 0.4677734375 0.1904296875 0.861328125
0 0.7548828125 0.134765625 0.158203125 0.2060546875
0 0.5751953125 0.1494140625 0.1083984375 0.109375
0 0.3369140625 0.1123046875 0.1181640625 0.1533203125
0 0.158203125 0.083984375 0.2509765625 0.1572265625