4 0.7451171875 0.6142578125 0.509765625 0.771484375
4 0.1142578125 0.6337890625 0.095703125 0.359375
4 0.056640625 0.6533203125 0.0673828125 0.328125
4 0.3876953125 0.6591796875 0.298828125 0.6796875
4 0.1640625 0.66796875 0.1484375 0.486328125
4 0.2578125 0.7236328125 0.1357421875 0.552734375
2 0.74609375 0.5009765625 0.5068359375 0.998046875
2 0.392578125 0.6064453125 0.310546875 0.787109375
2 0.259765625 0.6650390625 0.13671875 0.669921875
2 0.16015625 0.6787109375 0.140625 0.642578125
2 0.123046875 0.6904296875 0.1201171875 0.6181640625
1 0.6943359375 0.1845703125 0.2216796875 0.357421875
1 0.365234375 0.33203125 0.1337890625 0.23046875
1 0.2744140625 0.4130859375 0.095703125 0.1708984375
1 0.1826171875 0.4228515625 0.091796875 0.1552734375
1 0.1025390625 0.439453125 0.0693359375 0.1064453125