4 0.380859375 0.505859375 0.099609375 0.185546875
4 0.681640625 0.521484375 0.0849609375 0.1875
4 0.826171875 0.52734375 0.10546875 0.19921875
4 0.4990234375 0.54296875 0.0908203125 0.197265625
4 0.5859375 0.5498046875 0.0703125 0.19140625
4 0.2822265625 0.5693359375 0.0849609375 0.197265625
4 0.201171875 0.5703125 0.0703125 0.19921875
2 0.8408203125 0.5966796875 0.146484375 0.5908203125
2 0.681640625 0.599609375 0.138671875 0.57421875
2 0.50390625 0.61328125 0.1171875 0.560546875
2 0.384765625 0.58984375 0.1279296875 0.6005859375
2 0.591796875 0.607421875 0.083984375 0.4892578125
2 0.2021484375 0.6298828125 0.099609375 0.5048828125
2 0.28515625 0.63671875 0.1015625 0.5009765625
2 0.744140625 0.5732421875 0.076171875 0.515625
2 0.4541015625 0.5966796875 0.0654296875 0.482421875
4 0.7451171875 0.5166015625 0.0546875 0.2060546875
0 0.2158203125 0.41015625 0.044921875 0.060546875
0 0.2763671875 0.41796875 0.060546875 0.0546875
0 0.3857421875 0.3203125 0.056640625 0.0634765625
0 0.4501953125 0.3828125 0.0546875 0.056640625
0 0.505859375 0.3583984375 0.052734375 0.052734375
0 0.6015625 0.38671875 0.046875 0.0546875
0 0.6875 0.341796875 0.052734375 0.060546875
0 0.732421875 0.345703125 0.04296875 0.0537109375
0 0.8291015625 0.3525390625 0.052734375 0.0654296875