3 0.720703125 0.5263671875 0.119140625 0.16015625
3 0.5634765625 0.52734375 0.1357421875 0.1708984375
3 0.3935546875 0.533203125 0.115234375 0.1669921875
3 0.134765625 0.5478515625 0.1015625 0.2412109375
2 0.392578125 0.6025390625 0.109375 0.46484375
2 0.5615234375 0.603515625 0.1298828125 0.470703125
2 0.720703125 0.603515625 0.1064453125 0.470703125
2 0.1396484375 0.65234375 0.103515625 0.587890625
0 0.4013671875 0.388671875 0.041015625 0.0380859375
0 0.5654296875 0.3876953125 0.041015625 0.0390625
0 0.7255859375 0.388671875 0.044921875 0.0419921875
0 0.15625 0.3876953125 0.0693359375 0.0625