4 0.4521484375 0.4638671875 0.0439453125 0.099609375
4 0.5078125 0.474609375 0.0400390625 0.091796875
4 0.587890625 0.4775390625 0.0546875 0.099609375
4 0.650390625 0.4931640625 0.0341796875 0.1025390625
2 0.58984375 0.5146484375 0.052734375 0.240234375
2 0.5078125 0.5087890625 0.0419921875 0.220703125
2 0.4501953125 0.50390625 0.044921875 0.2333984375
2 0.6533203125 0.5185546875 0.041015625 0.220703125
1 0.4541015625 0.4033203125 0.0166015625 0.0302734375
1 0.5068359375 0.412109375 0.0166015625 0.0283203125
1 0.5908203125 0.4111328125 0.0234375 0.0341796875
1 0.6552734375 0.42578125 0.0166015625 0.037109375