3 0.306640625 0.376953125 0.236328125 0.388671875
3 0.7021484375 0.59765625 0.2314453125 0.541015625
2 0.943359375 0.4345703125 0.0498046875 0.205078125
2 0.2734375 0.337890625 0.3232421875 0.5888671875
2 0.8974609375 0.3916015625 0.0498046875 0.095703125
2 0.62890625 0.587890625 0.4853515625 0.7783203125
3 0.9384765625 0.392578125 0.0302734375 0.060546875
3 0.904296875 0.400390625 0.03125 0.0576171875
1 0.689453125 0.27734375 0.1396484375 0.1484375
0 0.3291015625 0.1025390625 0.103515625 0.1220703125
0 0.900390625 0.357421875 0.01953125 0.0234375