3 0.1982421875 0.4599609375 0.11328125 0.2294921875
3 0.416015625 0.4599609375 0.1279296875 0.2353515625
2 0.19921875 0.5244140625 0.29296875 0.5302734375
2 0.8369140625 0.4384765625 0.1748046875 0.5400390625
2 0.4462890625 0.4931640625 0.2392578125 0.5078125
2 0.6572265625 0.4638671875 0.142578125 0.5185546875
3 0.8583984375 0.3828125 0.1162109375 0.3134765625
3 0.677734375 0.4091796875 0.08203125 0.279296875
0 0.21875 0.3076171875 0.0634765625 0.1025390625
0 0.37890625 0.2890625 0.0595703125 0.0986328125
0 0.6171875 0.25390625 0.0634765625 0.0947265625
0 0.80078125 0.2177734375 0.0576171875 0.099609375