4 0.7470703125 0.6201171875 0.505859375 0.759765625
4 0.0751953125 0.6572265625 0.078125 0.341796875
4 0.3720703125 0.6591796875 0.314453125 0.6796875
4 0.1669921875 0.677734375 0.150390625 0.4892578125
4 0.2333984375 0.7236328125 0.169921875 0.552734375
2 0.7587890625 0.4990234375 0.482421875 0.9970703125
2 0.3642578125 0.607421875 0.3388671875 0.779296875
2 0.091796875 0.6982421875 0.1328125 0.5986328125
2 0.169921875 0.673828125 0.1533203125 0.646484375
2 0.2021484375 0.669921875 0.2158203125 0.654296875
1 0.6845703125 0.1865234375 0.1875 0.36328125
1 0.3642578125 0.3359375 0.1337890625 0.244140625
1 0.275390625 0.41796875 0.0791015625 0.162109375
1 0.1845703125 0.39453125 0.07421875 0.0791015625
1 0.1025390625 0.455078125 0.07421875 0.1279296875