3 0.6279296875 0.4287109375 0.0732421875 0.158203125
3 0.7041015625 0.4775390625 0.0693359375 0.1845703125
3 0.744140625 0.513671875 0.0908203125 0.1796875
3 0.8720703125 0.75 0.2236328125 0.4697265625
2 0.8095703125 0.5517578125 0.35546875 0.8935546875
2 0.6083984375 0.5029296875 0.12890625 0.46484375
2 0.677734375 0.484375 0.1083984375 0.419921875
2 0.7119140625 0.6005859375 0.1650390625 0.6318359375
0 0.8671875 0.240234375 0.2333984375 0.271484375
0 0.7470703125 0.326171875 0.0634765625 0.0830078125
0 0.7060546875 0.3076171875 0.04296875 0.064453125
0 0.6328125 0.296875 0.03515625 0.0517578125