4 0.2138671875 0.5341796875 0.140625 0.41015625
4 0.4375 0.5380859375 0.224609375 0.3544921875
4 0.09765625 0.5576171875 0.177734375 0.5693359375
4 0.7578125 0.7138671875 0.189453125 0.4130859375
2 0.4482421875 0.595703125 0.244140625 0.7958984375
2 0.712890625 0.6630859375 0.2841796875 0.66015625
2 0.23046875 0.583984375 0.154296875 0.81640625
2 0.115234375 0.5107421875 0.2294921875 0.9560546875
0 0.7529296875 0.3779296875 0.11328125 0.0859375
0 0.4248046875 0.2392578125 0.08203125 0.078125
0 0.236328125 0.2421875 0.087890625 0.1328125
0 0.1416015625 0.1181640625 0.1787109375 0.166015625