4 0.5849609375 0.4443359375 0.037109375 0.0830078125
4 0.5341796875 0.447265625 0.048828125 0.08984375
4 0.76171875 0.466796875 0.0478515625 0.09765625
4 0.462890625 0.474609375 0.0732421875 0.1357421875
4 0.2861328125 0.4833984375 0.0908203125 0.1181640625
2 0.7529296875 0.4931640625 0.0595703125 0.21484375
2 0.529296875 0.4765625 0.052734375 0.1728515625
2 0.4443359375 0.5185546875 0.1005859375 0.2998046875
2 0.2861328125 0.5390625 0.09375 0.2880859375
2 0.5810546875 0.455078125 0.0390625 0.154296875
2 0.2314453125 0.416015625 0.0498046875 0.1435546875
4 0.2275390625 0.408203125 0.0419921875 0.0556640625
0 0.5859375 0.3896484375 0.0166015625 0.0224609375
0 0.5263671875 0.3955078125 0.0263671875 0.0244140625
0 0.4521484375 0.3828125 0.033203125 0.0322265625
0 0.26953125 0.416015625 0.033203125 0.0361328125
0 0.2294921875 0.3662109375 0.0322265625 0.02734375
0 0.7548828125 0.4013671875 0.0322265625 0.0263671875