3 0.2841796875 0.6669921875 0.0595703125 0.162109375
3 0.49609375 0.6728515625 0.068359375 0.1201171875
3 0.42578125 0.67578125 0.068359375 0.14453125
3 0.353515625 0.6767578125 0.072265625 0.12890625
3 0.63671875 0.6767578125 0.0615234375 0.1533203125
3 0.7021484375 0.6787109375 0.068359375 0.15625
3 0.5732421875 0.7099609375 0.0703125 0.1416015625
2 0.494140625 0.7509765625 0.0859375 0.40234375
2 0.283203125 0.7314453125 0.08984375 0.423828125
2 0.7109375 0.7421875 0.083984375 0.44140625
2 0.4228515625 0.73828125 0.080078125 0.4267578125
2 0.572265625 0.7626953125 0.080078125 0.3935546875
2 0.353515625 0.7421875 0.078125 0.4052734375
2 0.63671875 0.740234375 0.076171875 0.435546875
0 0.69921875 0.548828125 0.0498046875 0.037109375
0 0.6328125 0.548828125 0.04296875 0.037109375
0 0.572265625 0.5888671875 0.0458984375 0.0458984375
0 0.4248046875 0.5458984375 0.03125 0.0322265625
0 0.3525390625 0.556640625 0.048828125 0.0341796875
0 0.2841796875 0.541015625 0.041015625 0.037109375
1 0.4921875 0.572265625 0.041015625 0.0537109375