4 0.5419921875 0.5712890625 0.0341796875 0.0859375
4 0.5087890625 0.568359375 0.029296875 0.080078125
2 0.544921875 0.611328125 0.0380859375 0.2294921875
2 0.51171875 0.611328125 0.0419921875 0.23046875
2 0.2724609375 0.638671875 0.044921875 0.2919921875
2 0.447265625 0.6220703125 0.0419921875 0.2080078125
2 0.2197265625 0.6572265625 0.05078125 0.2763671875
2 0.2333984375 0.654296875 0.0341796875 0.27734375
3 0.44921875 0.591796875 0.0322265625 0.0947265625
3 0.2724609375 0.60546875 0.03515625 0.1279296875
3 0.232421875 0.6142578125 0.0263671875 0.1044921875
3 0.2060546875 0.6142578125 0.0166015625 0.09375
1 0.5439453125 0.513671875 0.015625 0.0263671875
1 0.5146484375 0.5126953125 0.017578125 0.025390625
1 0.443359375 0.533203125 0.0185546875 0.03125
1 0.267578125 0.517578125 0.0263671875 0.046875
1 0.2333984375 0.5390625 0.0224609375 0.041015625
1 0.2177734375 0.5361328125 0.01953125 0.0361328125