4 0.646484375 0.765625 0.2109375 0.466796875
2 0.65234375 0.662109375 0.2744140625 0.662109375
2 0.3681640625 0.755859375 0.0869140625 0.4794921875
2 0.4560546875 0.763671875 0.1123046875 0.470703125
2 0.201171875 0.7412109375 0.146484375 0.5126953125
2 0.8271484375 0.77734375 0.10546875 0.43359375
3 0.8291015625 0.708984375 0.08203125 0.1572265625
3 0.1962890625 0.748046875 0.11328125 0.2373046875
3 0.361328125 0.724609375 0.060546875 0.208984375
3 0.458984375 0.7197265625 0.0888671875 0.2060546875
1 0.65234375 0.4384765625 0.0947265625 0.19921875
1 0.82421875 0.6005859375 0.0478515625 0.0732421875
1 0.46875 0.5771484375 0.06640625 0.095703125
1 0.3896484375 0.5595703125 0.03515625 0.0869140625
1 0.1943359375 0.548828125 0.0712890625 0.1259765625