3 0.3212890625 0.4443359375 0.0595703125 0.1279296875
3 0.361328125 0.462890625 0.0634765625 0.1171875
3 0.474609375 0.4658203125 0.083984375 0.1279296875
3 0.4150390625 0.4716796875 0.07421875 0.1279296875
3 0.142578125 0.474609375 0.125 0.1875
3 0.5400390625 0.490234375 0.0693359375 0.166015625
3 0.60546875 0.5126953125 0.0869140625 0.166015625
3 0.6806640625 0.513671875 0.08203125 0.1845703125
3 0.87890625 0.53125 0.111328125 0.2529296875
3 0.7529296875 0.5478515625 0.0986328125 0.193359375
2 0.1474609375 0.59765625 0.1201171875 0.6494140625
2 0.8671875 0.58984375 0.1396484375 0.568359375
2 0.6728515625 0.587890625 0.109375 0.513671875
2 0.7470703125 0.6240234375 0.103515625 0.5
2 0.474609375 0.5439453125 0.076171875 0.4208984375
2 0.30859375 0.5009765625 0.083984375 0.3447265625
2 0.6005859375 0.580078125 0.0888671875 0.4619140625
2 0.4111328125 0.52734375 0.076171875 0.3779296875
2 0.3642578125 0.5205078125 0.0615234375 0.353515625
2 0.5361328125 0.5625 0.0869140625 0.4375
0 0.1533203125 0.3095703125 0.072265625 0.0751953125
0 0.87890625 0.3330078125 0.0615234375 0.0576171875
0 0.7578125 0.3896484375 0.052734375 0.060546875
0 0.6806640625 0.361328125 0.0546875 0.0537109375
0 0.53515625 0.369140625 0.0400390625 0.044921875
0 0.326171875 0.3447265625 0.0302734375 0.0322265625
0 0.365234375 0.3623046875 0.0302734375 0.0302734375
0 0.4169921875 0.357421875 0.0361328125 0.037109375
0 0.4716796875 0.35546875 0.0400390625 0.0458984375
0 0.603515625 0.3740234375 0.048828125 0.052734375