4 0.212890625 0.658203125 0.134765625 0.2265625
4 0.828125 0.41015625 0.0703125 0.1357421875
4 0.5986328125 0.4482421875 0.068359375 0.1376953125
4 0.685546875 0.521484375 0.0908203125 0.1875
3 0.896484375 0.267578125 0.0888671875 0.1513671875
3 0.7421875 0.4501953125 0.0546875 0.162109375
2 0.259765625 0.7080078125 0.259765625 0.583984375
2 0.896484375 0.3505859375 0.126953125 0.455078125
2 0.689453125 0.5888671875 0.1279296875 0.482421875
2 0.8193359375 0.4599609375 0.0908203125 0.3671875
2 0.599609375 0.4990234375 0.0732421875 0.388671875
2 0.75 0.486328125 0.0830078125 0.337890625
1 0.224609375 0.490234375 0.111328125 0.14453125
1 0.8876953125 0.146484375 0.0546875 0.0439453125
1 0.826171875 0.2998046875 0.0390625 0.046875
1 0.7333984375 0.3466796875 0.0390625 0.052734375
1 0.607421875 0.333984375 0.04296875 0.056640625
1 0.68359375 0.380859375 0.05859375 0.0703125
1 0.6484375 0.357421875 0.0546875 0.0771484375