4 0.78125 0.6357421875 0.095703125 0.2158203125
4 0.685546875 0.556640625 0.103515625 0.203125
4 0.568359375 0.5166015625 0.087890625 0.1826171875
4 0.2451171875 0.5859375 0.1533203125 0.2294921875
4 0.392578125 0.525390625 0.142578125 0.212890625
2 0.37109375 0.638671875 0.189453125 0.548828125
2 0.234375 0.65625 0.158203125 0.5390625
2 0.6767578125 0.6328125 0.140625 0.517578125
2 0.853515625 0.6025390625 0.283203125 0.587890625
2 0.7783203125 0.6728515625 0.1142578125 0.4169921875
2 0.548828125 0.6123046875 0.166015625 0.583984375
3 0.890625 0.49609375 0.185546875 0.2431640625
2 0.1103515625 0.6259765625 0.220703125 0.654296875
3 0.109375 0.53125 0.2001953125 0.2958984375
1 0.1025390625 0.3525390625 0.080078125 0.1044921875
1 0.24609375 0.435546875 0.0693359375 0.09375
1 0.369140625 0.40234375 0.0712890625 0.091796875
1 0.544921875 0.3681640625 0.06640625 0.09765625
1 0.6826171875 0.416015625 0.0576171875 0.0732421875
1 0.8662109375 0.3564453125 0.072265625 0.08984375
1 0.767578125 0.501953125 0.060546875 0.0712890625