3 0.58203125 0.361328125 0.0966796875 0.2353515625
3 0.4580078125 0.3701171875 0.1376953125 0.302734375
3 0.7763671875 0.3720703125 0.111328125 0.150390625
2 0.4775390625 0.494140625 0.1826171875 0.748046875
2 0.7607421875 0.4345703125 0.1357421875 0.30859375
2 0.595703125 0.396484375 0.12109375 0.46484375
0 0.48828125 0.16015625 0.06640625 0.0751953125
0 0.5986328125 0.1904296875 0.0537109375 0.0546875
0 0.6806640625 0.244140625 0.0390625 0.052734375
0 0.708984375 0.298828125 0.0419921875 0.0556640625
2 0.67578125 0.353515625 0.07421875 0.2666015625
3 0.6728515625 0.3544921875 0.0634765625 0.125