3 0.6904296875 0.5068359375 0.025390625 0.0830078125
3 0.744140625 0.515625 0.03515625 0.09375
3 0.5986328125 0.55859375 0.0341796875 0.076171875
3 0.65625 0.576171875 0.0263671875 0.0927734375
2 0.6005859375 0.5888671875 0.0341796875 0.1875
2 0.6513671875 0.5947265625 0.037109375 0.17578125
2 0.7431640625 0.5263671875 0.0380859375 0.171875
2 0.6875 0.5205078125 0.025390625 0.166015625
0 0.74609375 0.4560546875 0.013671875 0.0224609375
0 0.6875 0.4501953125 0.0126953125 0.017578125
0 0.6533203125 0.5166015625 0.015625 0.021484375
0 0.6005859375 0.5068359375 0.015625 0.021484375