4 0.5498046875 0.333984375 0.0546875 0.1279296875
4 0.369140625 0.3486328125 0.0390625 0.1298828125
4 0.435546875 0.357421875 0.048828125 0.115234375
4 0.498046875 0.375 0.044921875 0.115234375
4 0.61328125 0.375 0.060546875 0.154296875
4 0.2548828125 0.341796875 0.060546875 0.1298828125
2 0.255859375 0.3955078125 0.0859375 0.404296875
2 0.615234375 0.419921875 0.083984375 0.3642578125
2 0.435546875 0.404296875 0.064453125 0.2890625
2 0.4970703125 0.40625 0.0673828125 0.271484375
2 0.3701171875 0.3828125 0.0830078125 0.318359375
2 0.5478515625 0.3857421875 0.068359375 0.3544921875
0 0.2578125 0.21484375 0.0283203125 0.033203125
0 0.376953125 0.2451171875 0.0224609375 0.0361328125
0 0.4375 0.2734375 0.0224609375 0.03515625
0 0.5478515625 0.224609375 0.025390625 0.033203125
0 0.61328125 0.259765625 0.0283203125 0.0380859375
0 0.501953125 0.287109375 0.01953125 0.02734375