3 0.6552734375 0.5439453125 0.037109375 0.16796875
3 0.462890625 0.5517578125 0.078125 0.18359375
3 0.525390625 0.5517578125 0.0615234375 0.1669921875
3 0.3115234375 0.55859375 0.09765625 0.1943359375
3 0.5966796875 0.57421875 0.068359375 0.171875
3 0.693359375 0.603515625 0.0693359375 0.234375
3 0.1171875 0.60546875 0.0986328125 0.328125
3 0.19921875 0.609375 0.0595703125 0.24609375
3 0.849609375 0.65625 0.0947265625 0.2568359375
3 0.03515625 0.6728515625 0.0673828125 0.453125
2 0.3115234375 0.65625 0.095703125 0.609375
2 0.45703125 0.6318359375 0.08984375 0.5244140625
2 0.1181640625 0.6572265625 0.1123046875 0.673828125
2 0.849609375 0.712890625 0.0986328125 0.5654296875
2 0.525390625 0.625 0.0751953125 0.4736328125
2 0.59375 0.66015625 0.08984375 0.5048828125
2 0.03515625 0.65234375 0.0703125 0.6826171875
2 0.1923828125 0.6943359375 0.0947265625 0.595703125
2 0.6953125 0.677734375 0.0712890625 0.560546875
2 0.65234375 0.6220703125 0.0625 0.5068359375
0 0.8466796875 0.4658203125 0.0625 0.08203125
0 0.70703125 0.4365234375 0.044921875 0.0693359375
0 0.669921875 0.396484375 0.0361328125 0.0478515625
0 0.5859375 0.4326171875 0.0380859375 0.0478515625
0 0.5234375 0.4091796875 0.0322265625 0.0458984375
0 0.46875 0.3974609375 0.0361328125 0.052734375
0 0.3154296875 0.3779296875 0.044921875 0.0498046875
0 0.1953125 0.4375 0.0556640625 0.0791015625
0 0.1318359375 0.359375 0.0732421875 0.0791015625
0 0.03125 0.3603515625 0.0625 0.099609375