4 0.5458984375 0.6259765625 0.09375 0.1962890625
4 0.6337890625 0.626953125 0.091796875 0.2099609375
4 0.716796875 0.6279296875 0.0859375 0.1943359375
4 0.1103515625 0.6552734375 0.1015625 0.185546875
4 0.4501953125 0.6572265625 0.0859375 0.203125
4 0.798828125 0.66015625 0.0810546875 0.208984375
4 0.3603515625 0.6708984375 0.08984375 0.2041015625
4 0.263671875 0.6953125 0.07421875 0.189453125
4 0.185546875 0.70703125 0.078125 0.1865234375
4 0.5546875 0.24609375 0.0888671875 0.1748046875
4 0.47265625 0.2607421875 0.09765625 0.16015625
2 0.45703125 0.705078125 0.12109375 0.46484375
2 0.115234375 0.720703125 0.107421875 0.4599609375
2 0.3544921875 0.7158203125 0.09765625 0.453125
2 0.7978515625 0.703125 0.1044921875 0.4345703125
2 0.26953125 0.740234375 0.099609375 0.4111328125
2 0.548828125 0.7041015625 0.087890625 0.4501953125
2 0.560546875 0.298828125 0.1005859375 0.40234375
2 0.71875 0.7060546875 0.08984375 0.4345703125
2 0.4638671875 0.3056640625 0.1015625 0.37890625
2 0.6318359375 0.6923828125 0.099609375 0.474609375
2 0.193359375 0.7490234375 0.09375 0.396484375
2 0.6259765625 0.44140625 0.0859375 0.19140625
4 0.6337890625 0.4677734375 0.05859375 0.1083984375
0 0.560546875 0.119140625 0.0322265625 0.037109375
0 0.4736328125 0.134765625 0.03125 0.0341796875
0 0.63671875 0.3642578125 0.0322265625 0.0419921875
0 0.7900390625 0.5078125 0.0361328125 0.0458984375
0 0.7236328125 0.5009765625 0.0419921875 0.03515625
0 0.640625 0.470703125 0.0361328125 0.0341796875
0 0.560546875 0.5009765625 0.037109375 0.0458984375
0 0.45703125 0.4921875 0.0419921875 0.0341796875
0 0.359375 0.5078125 0.0419921875 0.0380859375
0 0.2587890625 0.556640625 0.0439453125 0.0361328125
0 0.1962890625 0.56640625 0.04296875 0.0341796875
0 0.123046875 0.51171875 0.041015625 0.0419921875