3 0.259765625 0.4072265625 0.0283203125 0.0693359375
3 0.193359375 0.4091796875 0.01953125 0.0595703125
3 0.3271484375 0.4111328125 0.0234375 0.083984375
3 0.400390625 0.4189453125 0.029296875 0.078125
3 0.1572265625 0.4375 0.0302734375 0.0712890625
2 0.259765625 0.421875 0.0302734375 0.15234375
2 0.1533203125 0.451171875 0.0361328125 0.15234375
2 0.193359375 0.435546875 0.02734375 0.16015625
2 0.4013671875 0.4345703125 0.0341796875 0.1416015625
2 0.328125 0.4248046875 0.02734375 0.146484375
0 0.15234375 0.38671875 0.013671875 0.0224609375
0 0.1904296875 0.3662109375 0.0126953125 0.0224609375
0 0.2548828125 0.35546875 0.01171875 0.017578125
0 0.32421875 0.357421875 0.01171875 0.0205078125
0 0.3935546875 0.3701171875 0.0107421875 0.01953125