4 0.66796875 0.51171875 0.044921875 0.2275390625
4 0.421875 0.517578125 0.04296875 0.18359375
4 0.484375 0.517578125 0.0517578125 0.2197265625
4 0.859375 0.541015625 0.072265625 0.24609375
4 0.5498046875 0.5458984375 0.0537109375 0.2080078125
4 0.3701171875 0.548828125 0.0537109375 0.2255859375
4 0.6064453125 0.55859375 0.046875 0.2021484375
4 0.7265625 0.5634765625 0.07421875 0.2822265625
2 0.689453125 0.654296875 0.1572265625 0.685546875
2 0.607421875 0.609375 0.056640625 0.412109375
2 0.8525390625 0.6142578125 0.0869140625 0.568359375
2 0.41796875 0.5703125 0.052734375 0.427734375
2 0.3740234375 0.6005859375 0.0830078125 0.4580078125
2 0.5458984375 0.59375 0.0595703125 0.431640625
2 0.484375 0.5263671875 0.0576171875 0.3662109375
0 0.841796875 0.35546875 0.0400390625 0.041015625
0 0.720703125 0.3427734375 0.0439453125 0.083984375
0 0.603515625 0.4296875 0.025390625 0.0576171875
0 0.5517578125 0.40234375 0.03125 0.05078125
0 0.4794921875 0.369140625 0.0322265625 0.0498046875
0 0.419921875 0.376953125 0.02734375 0.0400390625
0 0.3671875 0.3935546875 0.0322265625 0.04296875