3 0.8583984375 0.48828125 0.0361328125 0.0810546875
3 0.60546875 0.564453125 0.1103515625 0.22265625
3 0.3203125 0.5732421875 0.1123046875 0.173828125
3 0.4931640625 0.5791015625 0.1064453125 0.2158203125
3 0.7822265625 0.5830078125 0.1162109375 0.234375
2 0.2958984375 0.673828125 0.173828125 0.5224609375
2 0.771484375 0.68359375 0.146484375 0.6005859375
2 0.6064453125 0.650390625 0.1181640625 0.5703125
2 0.4853515625 0.6572265625 0.1162109375 0.5166015625
2 0.8603515625 0.5244140625 0.0419921875 0.212890625
1 0.486328125 0.4208984375 0.0390625 0.041015625
1 0.30859375 0.4462890625 0.0400390625 0.0576171875
1 0.587890625 0.3984375 0.0419921875 0.0615234375
1 0.8525390625 0.4287109375 0.015625 0.0224609375
1 0.763671875 0.4345703125 0.0595703125 0.1025390625