3 0.4462890625 0.5126953125 0.2041015625 0.3662109375
3 0.1923828125 0.5341796875 0.2158203125 0.42578125
3 0.7919921875 0.5634765625 0.224609375 0.4228515625
3 0.9765625 0.595703125 0.046875 0.42578125
2 0.787109375 0.587890625 0.2333984375 0.80078125
2 0.4501953125 0.58984375 0.2080078125 0.8037109375
2 0.18359375 0.578125 0.21875 0.8212890625
2 0.974609375 0.630859375 0.0478515625 0.7216796875
0 0.7529296875 0.2412109375 0.1162109375 0.09765625
0 0.4658203125 0.232421875 0.0810546875 0.0810546875
0 0.2294921875 0.2138671875 0.103515625 0.083984375
0 0.982421875 0.3037109375 0.03515625 0.064453125