4 0.505859375 0.43359375 0.150390625 0.330078125
2 0.0361328125 0.6748046875 0.072265625 0.3662109375
2 0.4833984375 0.5869140625 0.390625 0.818359375
2 0.697265625 0.6416015625 0.080078125 0.515625
2 0.5947265625 0.6689453125 0.0986328125 0.568359375
3 0.01953125 0.625 0.0390625 0.11328125
3 0.6953125 0.537109375 0.0712890625 0.1748046875
3 0.5908203125 0.568359375 0.07421875 0.203125
1 0.5009765625 0.2509765625 0.072265625 0.15234375
1 0.5869140625 0.43359375 0.03125 0.080078125
1 0.697265625 0.4150390625 0.0390625 0.052734375
1 0.015625 0.529296875 0.03125 0.05859375