4 0.7470703125 0.6201171875 0.505859375 0.759765625
4 0.0751953125 0.6572265625 0.078125 0.341796875
4 0.3720703125 0.6591796875 0.314453125 0.6796875
4 0.1669921875 0.677734375 0.150390625 0.4892578125
4 0.2333984375 0.7236328125 0.169921875 0.552734375
2 0.7587890625 0.4990234375 0.482421875 0.9970703125
2 0.365234375 0.6083984375 0.3359375 0.779296875
2 0.0927734375 0.6962890625 0.134765625 0.599609375
2 0.1640625 0.673828125 0.1455078125 0.6435546875
2 0.2021484375 0.671875 0.21875 0.6533203125
1 0.689453125 0.1796875 0.1865234375 0.3515625
1 0.3662109375 0.3359375 0.1337890625 0.2421875
1 0.279296875 0.396484375 0.080078125 0.12890625
1 0.1845703125 0.39453125 0.07421875 0.0791015625
1 0.1025390625 0.4169921875 0.048828125 0.04296875