4 0.4345703125 0.5341796875 0.220703125 0.3681640625
4 0.216796875 0.5400390625 0.1376953125 0.412109375
4 0.103515625 0.5673828125 0.20703125 0.619140625
4 0.76171875 0.7197265625 0.19140625 0.4130859375
2 0.4482421875 0.595703125 0.244140625 0.7958984375
2 0.712890625 0.6630859375 0.2841796875 0.66015625
2 0.23046875 0.583984375 0.154296875 0.81640625
2 0.115234375 0.5107421875 0.2294921875 0.9560546875
0 0.236328125 0.248046875 0.087890625 0.1298828125
0 0.4228515625 0.2373046875 0.076171875 0.078125
0 0.75 0.392578125 0.1181640625 0.12109375
0 0.140625 0.1123046875 0.171875 0.1650390625