3 0.5478515625 0.4169921875 0.1533203125 0.4091796875
4 0.7109375 0.4619140625 0.1474609375 0.3857421875
4 0.1806640625 0.4951171875 0.1630859375 0.39453125
3 0.369140625 0.4951171875 0.12890625 0.2822265625
2 0.5556640625 0.5107421875 0.2744140625 0.9580078125
2 0.8759765625 0.533203125 0.1552734375 0.919921875
2 0.1826171875 0.5595703125 0.177734375 0.8671875
2 0.3427734375 0.6025390625 0.1953125 0.76953125
2 0.724609375 0.533203125 0.17578125 0.9111328125
4 0.8720703125 0.4296875 0.14453125 0.37890625
1 0.86328125 0.16015625 0.076171875 0.1796875
1 0.533203125 0.091796875 0.0771484375 0.1259765625
1 0.19921875 0.173828125 0.072265625 0.11328125
1 0.3671875 0.2734375 0.078125 0.11328125
0 0.7138671875 0.13671875 0.0869140625 0.11328125