3 0.322265625 0.2802734375 0.0263671875 0.0556640625
3 0.6943359375 0.4287109375 0.078125 0.09765625
3 0.283203125 0.43359375 0.0732421875 0.140625
3 0.1826171875 0.439453125 0.064453125 0.119140625
2 0.69921875 0.4765625 0.1591796875 0.3154296875
2 0.294921875 0.4921875 0.1181640625 0.3974609375
2 0.1875 0.490234375 0.0751953125 0.34765625
2 0.3232421875 0.29296875 0.0322265625 0.1640625
0 0.18359375 0.33984375 0.0341796875 0.044921875
0 0.28515625 0.31640625 0.037109375 0.04296875
0 0.6611328125 0.33984375 0.0400390625 0.037109375
0 0.3173828125 0.2294921875 0.0185546875 0.021484375