3 0.716796875 0.7197265625 0.25 0.5595703125
3 0.892578125 0.771484375 0.21484375 0.45703125
3 0.5009765625 0.810546875 0.251953125 0.37890625
3 0.1142578125 0.8359375 0.228515625 0.3271484375
2 0.8896484375 0.599609375 0.2197265625 0.7724609375
2 0.68359375 0.5537109375 0.3662109375 0.8701171875
2 0.419921875 0.580078125 0.3896484375 0.5576171875
2 0.15625 0.6533203125 0.3095703125 0.53515625
0 0.6640625 0.220703125 0.2041015625 0.2041015625
0 0.45703125 0.3994140625 0.171875 0.1884765625
0 0.1689453125 0.4990234375 0.1630859375 0.21875
1 0.890625 0.4072265625 0.2080078125 0.3974609375