4 0.5693359375 0.36328125 0.248046875 0.234375
2 0.583984375 0.5419921875 0.4560546875 0.8837890625
2 0.2197265625 0.5146484375 0.3330078125 0.6357421875
2 0.8916015625 0.310546875 0.080078125 0.169921875
2 0.34765625 0.4599609375 0.1435546875 0.5439453125
3 0.2431640625 0.4130859375 0.16015625 0.2412109375
3 0.35546875 0.3701171875 0.1318359375 0.1728515625
3 0.89453125 0.2890625 0.0673828125 0.0615234375
1 0.892578125 0.240234375 0.0390625 0.0302734375
0 0.53515625 0.17578125 0.15234375 0.1494140625
1 0.259765625 0.2548828125 0.1279296875 0.1044921875
1 0.3408203125 0.2373046875 0.0693359375 0.0888671875