4 0.4609375 0.4794921875 0.072265625 0.193359375
4 0.529296875 0.4775390625 0.0732421875 0.193359375
2 0.529296875 0.5830078125 0.0849609375 0.54296875
2 0.9462890625 0.5849609375 0.1064453125 0.576171875
2 0.466796875 0.5849609375 0.0830078125 0.556640625
2 0.869140625 0.7158203125 0.0712890625 0.31640625
2 0.6015625 0.3974609375 0.048828125 0.154296875
2 0.859375 0.169921875 0.044921875 0.171875
2 0.955078125 0.0927734375 0.0400390625 0.16796875
2 0.626953125 0.177734375 0.0517578125 0.2041015625
2 0.8515625 0.60546875 0.0654296875 0.5029296875
2 0.896484375 0.4580078125 0.048828125 0.24609375
3 0.603515625 0.384765625 0.0341796875 0.0673828125
3 0.630859375 0.1552734375 0.0341796875 0.095703125
3 0.8603515625 0.1396484375 0.0302734375 0.0693359375
3 0.955078125 0.4765625 0.07421875 0.1552734375
3 0.869140625 0.6884765625 0.046875 0.109375
2 0.9755859375 0.693359375 0.048828125 0.3876953125
3 0.982421875 0.638671875 0.0341796875 0.1376953125
3 0.8447265625 0.5068359375 0.048828125 0.12109375
3 0.958984375 0.060546875 0.021484375 0.0693359375
1 0.5166015625 0.34765625 0.04296875 0.0703125
1 0.4599609375 0.345703125 0.0419921875 0.0654296875
1 0.5947265625 0.3369140625 0.0224609375 0.033203125
1 0.630859375 0.09375 0.029296875 0.0322265625
1 0.85546875 0.10546875 0.01953125 0.0419921875
1 0.9580078125 0.33984375 0.0380859375 0.0927734375
1 0.9072265625 0.3662109375 0.0244140625 0.0673828125
1 0.8330078125 0.390625 0.0283203125 0.0673828125
1 0.953125 0.015625 0.0166015625 0.0263671875