4 0.3603515625 0.3046875 0.0888671875 0.267578125
4 0.671875 0.318359375 0.095703125 0.263671875
2 0.5 0.462890625 0.1298828125 0.72265625
2 0.19921875 0.5224609375 0.1650390625 0.4462890625
2 0.9619140625 0.5419921875 0.0751953125 0.5732421875
2 0.369140625 0.4482421875 0.1162109375 0.806640625
2 0.6416015625 0.455078125 0.15625 0.7431640625
3 0.978515625 0.435546875 0.03515625 0.201171875
3 0.4990234375 0.326171875 0.1201171875 0.19140625
3 0.23828125 0.4755859375 0.078125 0.2255859375
1 0.2080078125 0.3388671875 0.04296875 0.078125
1 0.3740234375 0.1083984375 0.05078125 0.1240234375
1 0.4931640625 0.154296875 0.044921875 0.099609375
1 0.65234375 0.1376953125 0.0556640625 0.1083984375
1 0.9765625 0.3076171875 0.046875 0.1064453125