4 0.76953125 0.3681640625 0.068359375 0.2587890625
4 0.72265625 0.431640625 0.1044921875 0.283203125
2 0.427734375 0.6162109375 0.19140625 0.5322265625
2 0.9541015625 0.8525390625 0.0908203125 0.2294921875
2 0.697265625 0.560546875 0.158203125 0.7822265625
2 0.3251953125 0.6572265625 0.267578125 0.43359375
2 0.7431640625 0.5234375 0.1318359375 0.7890625
3 0.2333984375 0.625 0.0712890625 0.1728515625
3 0.38671875 0.564453125 0.095703125 0.1484375
3 0.94921875 0.8798828125 0.072265625 0.1220703125
1 0.9345703125 0.7744140625 0.0361328125 0.072265625
1 0.7041015625 0.2412109375 0.0458984375 0.1005859375
1 0.7060546875 0.1611328125 0.056640625 0.052734375
1 0.4130859375 0.3857421875 0.06640625 0.0693359375
1 0.21484375 0.4638671875 0.03515625 0.0458984375