3 0.3798828125 0.4697265625 0.09765625 0.271484375
3 0.537109375 0.5458984375 0.2861328125 0.4580078125
3 0.7421875 0.5458984375 0.2099609375 0.453125
3 0.89453125 0.5498046875 0.2099609375 0.44921875
3 0.2216796875 0.56640625 0.279296875 0.4423828125
3 0.0595703125 0.5966796875 0.119140625 0.39453125
2 0.5390625 0.5810546875 0.2744140625 0.8349609375
2 0.833984375 0.57421875 0.33203125 0.845703125
2 0.224609375 0.5888671875 0.26953125 0.8212890625
2 0.73828125 0.5927734375 0.197265625 0.80859375
2 0.3671875 0.583984375 0.099609375 0.6884765625
2 0.0576171875 0.6044921875 0.115234375 0.7822265625
1 0.896484375 0.2216796875 0.1171875 0.138671875
1 0.705078125 0.228515625 0.083984375 0.083984375
1 0.5244140625 0.2158203125 0.08203125 0.1015625
1 0.232421875 0.248046875 0.1025390625 0.1376953125
0 0.353515625 0.275390625 0.0693359375 0.072265625
1 0.03125 0.3134765625 0.0615234375 0.2041015625