4 0.384765625 0.2001953125 0.064453125 0.171875
2 0.494140625 0.306640625 0.087890625 0.4013671875
2 0.7822265625 0.2294921875 0.0986328125 0.357421875
2 0.3720703125 0.265625 0.091796875 0.470703125
2 0.2001953125 0.3740234375 0.103515625 0.544921875
3 0.775390625 0.173828125 0.06640625 0.1337890625
3 0.4833984375 0.2255859375 0.0625 0.099609375
3 0.19921875 0.328125 0.0732421875 0.30859375
1 0.7744140625 0.0859375 0.0380859375 0.0732421875
1 0.4853515625 0.13671875 0.0390625 0.068359375
1 0.3671875 0.078125 0.0390625 0.091796875
1 0.2080078125 0.111328125 0.03515625 0.076171875