4 0.603515625 0.4501953125 0.0830078125 0.0908203125
4 0.3564453125 0.533203125 0.28125 0.2734375
4 0.740234375 0.517578125 0.1796875 0.197265625
4 0.4990234375 0.4921875 0.1455078125 0.1669921875
2 0.7294921875 0.55859375 0.1826171875 0.408203125
2 0.515625 0.541015625 0.177734375 0.3984375
2 0.349609375 0.6376953125 0.3515625 0.6455078125
2 0.607421875 0.466796875 0.109375 0.259765625
0 0.349609375 0.341796875 0.10546875 0.05078125
1 0.4921875 0.376953125 0.0712890625 0.0615234375
1 0.7265625 0.3896484375 0.068359375 0.05078125
1 0.59765625 0.375 0.0380859375 0.03515625