4 0.47265625 0.6435546875 0.0947265625 0.2431640625
4 0.533203125 0.642578125 0.052734375 0.1806640625
2 0.375 0.734375 0.091796875 0.525390625
2 0.46875 0.7138671875 0.099609375 0.5654296875
2 0.529296875 0.71875 0.06640625 0.5029296875
2 0.1806640625 0.658203125 0.017578125 0.087890625
3 0.373046875 0.654296875 0.0615234375 0.166015625
3 0.1787109375 0.646484375 0.0107421875 0.0283203125
1 0.51953125 0.513671875 0.033203125 0.078125
1 0.455078125 0.4697265625 0.0322265625 0.072265625
1 0.3779296875 0.5146484375 0.0390625 0.0830078125
1 0.1787109375 0.6259765625 0.0126953125 0.015625