3 0.9267578125 0.552734375 0.146484375 0.4560546875
3 0.421875 0.556640625 0.18359375 0.4833984375
3 0.1103515625 0.572265625 0.17578125 0.3935546875
3 0.2783203125 0.5791015625 0.1279296875 0.2705078125
3 0.658203125 0.603515625 0.1279296875 0.2646484375
3 0.76953125 0.6064453125 0.1240234375 0.30078125
2 0.111328125 0.578125 0.2216796875 0.8193359375
2 0.482421875 0.5537109375 0.34375 0.8740234375
2 0.65234375 0.6171875 0.2236328125 0.75390625
2 0.89453125 0.5439453125 0.2080078125 0.888671875
2 0.2783203125 0.6376953125 0.1484375 0.7060546875
2 0.78515625 0.6083984375 0.171875 0.7685546875
0 0.1298828125 0.234375 0.123046875 0.1298828125
0 0.2958984375 0.3232421875 0.0810546875 0.072265625
0 0.4599609375 0.1943359375 0.119140625 0.146484375
0 0.6474609375 0.3046875 0.1455078125 0.1435546875
0 0.75 0.267578125 0.0859375 0.076171875
0 0.953125 0.1611328125 0.09375 0.123046875