3 0.6572265625 0.4560546875 0.1298828125 0.1962890625
3 0.5849609375 0.466796875 0.0751953125 0.16796875
3 0.8115234375 0.46875 0.1728515625 0.228515625
3 0.9248046875 0.4697265625 0.10546875 0.17578125
3 0.5302734375 0.482421875 0.0751953125 0.13671875
3 0.3896484375 0.482421875 0.140625 0.2001953125
2 0.384765625 0.6171875 0.142578125 0.6591796875
2 0.8095703125 0.587890625 0.1728515625 0.65625
2 0.9111328125 0.548828125 0.115234375 0.4599609375
2 0.65234375 0.5634765625 0.1376953125 0.5546875
2 0.53125 0.5263671875 0.0751953125 0.3154296875
2 0.5859375 0.5263671875 0.072265625 0.3828125
1 0.6494140625 0.3134765625 0.0439453125 0.056640625
1 0.8095703125 0.29296875 0.0546875 0.060546875
1 0.384765625 0.326171875 0.0576171875 0.080078125
1 0.60546875 0.3505859375 0.033203125 0.0302734375
1 0.908203125 0.3369140625 0.0419921875 0.03515625
1 0.5361328125 0.390625 0.033203125 0.041015625