3 0.169921875 0.615234375 0.0947265625 0.2353515625
3 0.03515625 0.69140625 0.0703125 0.2890625
4 0.3876953125 0.7646484375 0.1953125 0.470703125
3 0.7724609375 0.7822265625 0.26953125 0.435546875
2 0.7138671875 0.626953125 0.455078125 0.7333984375
2 0.3896484375 0.6669921875 0.224609375 0.6533203125
2 0.0791015625 0.708984375 0.1552734375 0.564453125
2 0.1787109375 0.712890625 0.197265625 0.5419921875
1 0.408203125 0.37890625 0.083984375 0.0751953125
0 0.1865234375 0.47265625 0.048828125 0.0595703125
0 0.060546875 0.4697265625 0.0615234375 0.0712890625
0 0.7529296875 0.349609375 0.1552734375 0.1748046875