4 0.6162109375 0.3955078125 0.1279296875 0.2119140625
4 0.71875 0.4033203125 0.0703125 0.2841796875
4 0.806640625 0.431640625 0.103515625 0.2841796875
2 0.607421875 0.4736328125 0.13671875 0.572265625
2 0.79296875 0.52734375 0.189453125 0.7099609375
2 0.3115234375 0.353515625 0.048828125 0.1748046875
2 0.455078125 0.326171875 0.0419921875 0.142578125
2 0.0458984375 0.5771484375 0.091796875 0.201171875
2 0.703125 0.46875 0.1318359375 0.58984375
2 0.078125 0.5234375 0.0810546875 0.1650390625
4 0.45703125 0.2978515625 0.029296875 0.04296875
3 0.3173828125 0.322265625 0.025390625 0.05859375
4 0.041015625 0.572265625 0.0712890625 0.123046875
4 0.0576171875 0.509765625 0.041015625 0.0712890625
0 0.6025390625 0.2138671875 0.056640625 0.0546875
0 0.7177734375 0.205078125 0.0625 0.060546875
1 0.7900390625 0.22265625 0.06640625 0.1005859375
1 0.31640625 0.2802734375 0.017578125 0.02734375
0 0.455078125 0.26171875 0.015625 0.0126953125
0 0.064453125 0.4521484375 0.0263671875 0.0185546875
0 0.0185546875 0.4931640625 0.037109375 0.033203125