4 0.4404296875 0.6787109375 0.0888671875 0.2216796875
4 0.455078125 0.3720703125 0.0576171875 0.1279296875
4 0.5712890625 0.376953125 0.0693359375 0.1708984375
4 0.1591796875 0.3955078125 0.0732421875 0.212890625
2 0.140625 0.51171875 0.1611328125 0.6298828125
2 0.5849609375 0.4970703125 0.123046875 0.478515625
2 0.4462890625 0.4833984375 0.1328125 0.4130859375
2 0.7314453125 0.3779296875 0.0439453125 0.240234375
2 0.455078125 0.68359375 0.126953125 0.283203125
2 0.658203125 0.3291015625 0.01171875 0.0595703125
4 0.734375 0.3564453125 0.0380859375 0.1171875
0 0.4990234375 0.5927734375 0.044921875 0.099609375
0 0.6279296875 0.3056640625 0.0361328125 0.1083984375
0 0.73828125 0.26953125 0.0185546875 0.0322265625
0 0.4931640625 0.3076171875 0.0341796875 0.072265625
0 0.1640625 0.2333984375 0.05859375 0.0712890625
3 0.658203125 0.3212890625 0.0068359375 0.0224609375
1 0.6591796875 0.3046875 0.0048828125 0.0087890625