4 0.59765625 0.3505859375 0.06640625 0.134765625
3 0.72265625 0.5244140625 0.0712890625 0.181640625
3 0.8046875 0.5322265625 0.0458984375 0.1630859375
3 0.4091796875 0.71875 0.0625 0.2587890625
3 0.6455078125 0.771484375 0.1015625 0.19140625
3 0.2314453125 0.7900390625 0.09375 0.240234375
3 0.4951171875 0.8037109375 0.099609375 0.2158203125
3 0.8203125 0.9130859375 0.1025390625 0.1669921875
2 0.4931640625 0.7900390625 0.134765625 0.4150390625
2 0.2265625 0.78125 0.134765625 0.4296875
2 0.798828125 0.849609375 0.1845703125 0.29296875
2 0.638671875 0.771484375 0.1416015625 0.427734375
2 0.4140625 0.7509765625 0.087890625 0.48828125
2 0.5947265625 0.400390625 0.087890625 0.390625
2 0.7255859375 0.5732421875 0.083984375 0.4560546875
2 0.3623046875 0.9404296875 0.083984375 0.1162109375
2 0.126953125 0.9072265625 0.1123046875 0.1796875
2 0.7958984375 0.5546875 0.099609375 0.3642578125
0 0.5947265625 0.2294921875 0.037109375 0.0458984375
0 0.421875 0.548828125 0.0654296875 0.08203125
0 0.2392578125 0.6259765625 0.0712890625 0.095703125
0 0.494140625 0.6298828125 0.0654296875 0.0947265625
0 0.6513671875 0.626953125 0.0595703125 0.0947265625
0 0.7353515625 0.3798828125 0.05078125 0.068359375
0 0.802734375 0.400390625 0.044921875 0.056640625