4 0.5869140625 0.876953125 0.0908203125 0.2451171875
4 0.4970703125 0.8828125 0.123046875 0.234375
4 0.7802734375 0.884765625 0.3369140625 0.2294921875
4 0.3525390625 0.904296875 0.1748046875 0.19140625
2 0.7724609375 0.75 0.322265625 0.486328125
2 0.580078125 0.8427734375 0.0849609375 0.3076171875
2 0.3623046875 0.8056640625 0.2412109375 0.3759765625
2 0.5 0.876953125 0.134765625 0.2373046875
0 0.6943359375 0.6416015625 0.162109375 0.2646484375
0 0.572265625 0.7236328125 0.044921875 0.072265625
0 0.3837890625 0.69921875 0.0947265625 0.1533203125