3 0.8974609375 0.5546875 0.177734375 0.3359375
3 0.4111328125 0.63671875 0.16796875 0.349609375
3 0.56640625 0.650390625 0.1435546875 0.3486328125
3 0.12890625 0.7158203125 0.2216796875 0.4345703125
2 0.12890625 0.6640625 0.23046875 0.6640625
2 0.8876953125 0.6162109375 0.203125 0.7587890625
2 0.408203125 0.658203125 0.1669921875 0.673828125
2 0.5625 0.6640625 0.16796875 0.6640625
2 0.64453125 0.642578125 0.1142578125 0.705078125
3 0.626953125 0.5390625 0.08203125 0.2822265625
0 0.1044921875 0.3857421875 0.0888671875 0.1044921875
0 0.41796875 0.376953125 0.0751953125 0.12109375
0 0.55859375 0.3828125 0.07421875 0.11328125
0 0.62890625 0.326171875 0.064453125 0.0673828125
0 0.9150390625 0.2890625 0.0732421875 0.099609375