4 0.1181640625 0.345703125 0.1904296875 0.3232421875
4 0.365234375 0.3310546875 0.1767578125 0.296875
4 0.6318359375 0.3564453125 0.1953125 0.2998046875
4 0.875 0.3603515625 0.169921875 0.2919921875
2 0.125 0.4951171875 0.2470703125 0.921875
2 0.8720703125 0.521484375 0.255859375 0.912109375
2 0.626953125 0.51953125 0.234375 0.921875
2 0.373046875 0.5009765625 0.248046875 0.9296875
1 0.8623046875 0.099609375 0.0908203125 0.0703125
1 0.6240234375 0.09765625 0.0908203125 0.0751953125
1 0.36328125 0.06640625 0.0888671875 0.06640625
1 0.1298828125 0.068359375 0.091796875 0.0673828125