4 0.142578125 0.4033203125 0.0654296875 0.16015625
4 0.40234375 0.375 0.0673828125 0.1591796875
4 0.611328125 0.4189453125 0.064453125 0.099609375
4 0.8583984375 0.54296875 0.119140625 0.2705078125
2 0.83984375 0.626953125 0.1787109375 0.6533203125
2 0.1611328125 0.486328125 0.1474609375 0.4306640625
2 0.4033203125 0.451171875 0.0771484375 0.4130859375
2 0.6064453125 0.451171875 0.0732421875 0.26171875
2 0.5302734375 0.40625 0.0263671875 0.1103515625
4 0.529296875 0.3896484375 0.021484375 0.037109375
0 0.833984375 0.3388671875 0.0751953125 0.0732421875
0 0.412109375 0.26953125 0.0390625 0.05078125
0 0.16796875 0.2958984375 0.048828125 0.0537109375
0 0.609375 0.3359375 0.0234375 0.0224609375
0 0.529296875 0.3564453125 0.0107421875 0.01171875