4 0.591796875 0.34765625 0.181640625 0.162109375
4 0.40234375 0.3662109375 0.1865234375 0.2041015625
4 0.2080078125 0.416015625 0.23046875 0.248046875
4 0.7138671875 0.498046875 0.333984375 0.3037109375
2 0.72265625 0.5703125 0.35546875 0.7080078125
2 0.2060546875 0.5068359375 0.2412109375 0.6591796875
2 0.3974609375 0.43359375 0.2109375 0.4970703125
2 0.5830078125 0.4111328125 0.2001953125 0.4697265625
0 0.755859375 0.2587890625 0.138671875 0.0888671875
0 0.5986328125 0.205078125 0.1025390625 0.056640625
0 0.3916015625 0.21484375 0.10546875 0.056640625
0 0.2314453125 0.2080078125 0.1162109375 0.0634765625