4 0.603515625 0.4482421875 0.0830078125 0.076171875
4 0.3564453125 0.533203125 0.28125 0.2734375
4 0.740234375 0.517578125 0.1796875 0.197265625
4 0.49609375 0.4951171875 0.15625 0.166015625
2 0.73046875 0.5595703125 0.1796875 0.408203125
2 0.3486328125 0.6376953125 0.3544921875 0.6455078125
2 0.5087890625 0.541015625 0.166015625 0.4033203125
2 0.6064453125 0.466796875 0.1064453125 0.259765625
0 0.349609375 0.359375 0.107421875 0.08984375
1 0.7255859375 0.3896484375 0.068359375 0.05078125
1 0.4921875 0.3720703125 0.0732421875 0.0673828125
1 0.59765625 0.375 0.0380859375 0.03515625