4 0.8408203125 0.4453125 0.2109375 0.3515625
4 0.4306640625 0.462890625 0.1015625 0.19921875
4 0.67578125 0.515625 0.119140625 0.275390625
4 0.5546875 0.5302734375 0.111328125 0.24609375
2 0.853515625 0.5654296875 0.2353515625 0.8564453125
2 0.423828125 0.529296875 0.162109375 0.4921875
2 0.6669921875 0.5849609375 0.19140625 0.6572265625
2 0.5390625 0.59375 0.1474609375 0.5390625
0 0.7958984375 0.1826171875 0.080078125 0.0869140625
0 0.6533203125 0.2890625 0.0654296875 0.080078125
0 0.529296875 0.3525390625 0.0419921875 0.060546875
0 0.4052734375 0.30859375 0.041015625 0.0556640625