3 0.3720703125 0.228515625 0.1318359375 0.1630859375
3 0.576171875 0.2705078125 0.107421875 0.17578125
3 0.8779296875 0.2998046875 0.099609375 0.1826171875
2 0.3779296875 0.248046875 0.21484375 0.43359375
2 0.2158203125 0.318359375 0.2333984375 0.3359375
2 0.576171875 0.3173828125 0.15625 0.4541015625
2 0.8212890625 0.3388671875 0.3046875 0.39453125
3 0.1675925 0.37221544140625 0.174074166015625 0.352843087890625 0.181481666015625 0.334855541015625 0.206481666015625 0.330704857421875 0.215740833984375 0.285042341796875 0.20463 0.231078455078125 0.260185 0.208938978515625 0.15463 0.1909501875 0.1675925 0.262902865234375 0.12037 0.231078455078125 0.109259166015625 0.26843835546875 0.112036666015625 0.314099626953125 0.1675925 0.37221544140625
0 0.560546875 0.130859375 0.0634765625 0.08203125
1 0.9326171875 0.1796875 0.0595703125 0.068359375
0 0.3037109375 0.0830078125 0.0625 0.0888671875
0 0.1279296875 0.1865234375 0.05859375 0.080078125