4 0.5947265625 0.5029296875 0.078125 0.1357421875
4 0.5517578125 0.3828125 0.087890625 0.09375
4 0.4541015625 0.34765625 0.076171875 0.205078125
4 0.337890625 0.48828125 0.091796875 0.16015625
4 0.17578125 0.4853515625 0.068359375 0.0908203125
2 0.3349609375 0.59765625 0.091796875 0.533203125
2 0.14453125 0.576171875 0.171875 0.38671875
2 0.505859375 0.4638671875 0.2060546875 0.6240234375
2 0.576171875 0.6162109375 0.103515625 0.4931640625
0 0.1728515625 0.4052734375 0.04296875 0.0390625
0 0.349609375 0.3515625 0.0556640625 0.0458984375
0 0.4453125 0.2275390625 0.0615234375 0.0703125
0 0.59765625 0.40234375 0.0556640625 0.060546875