4 0.212890625 0.658203125 0.134765625 0.2265625
4 0.828125 0.41015625 0.0703125 0.1357421875
4 0.5986328125 0.4482421875 0.068359375 0.1376953125
4 0.685546875 0.521484375 0.0908203125 0.1875
3 0.896484375 0.275390625 0.0751953125 0.1689453125
3 0.7392578125 0.44140625 0.0517578125 0.125
2 0.2587890625 0.7080078125 0.259765625 0.583984375
2 0.896484375 0.349609375 0.1279296875 0.4560546875
2 0.6875 0.5888671875 0.1328125 0.484375
2 0.8203125 0.4599609375 0.0888671875 0.3671875
2 0.599609375 0.5009765625 0.0751953125 0.392578125
2 0.75 0.482421875 0.080078125 0.333984375
1 0.607421875 0.333984375 0.04296875 0.056640625
1 0.21875 0.4892578125 0.1015625 0.1513671875
1 0.828125 0.314453125 0.044921875 0.078125
1 0.685546875 0.388671875 0.0615234375 0.0849609375
1 0.734375 0.3466796875 0.0390625 0.052734375
1 0.6484375 0.357421875 0.0546875 0.078125
1 0.8857421875 0.150390625 0.0576171875 0.052734375