4 0.193359375 0.6552734375 0.1337890625 0.193359375
4 0.072265625 0.6650390625 0.1103515625 0.173828125
4 0.3798828125 0.6904296875 0.1123046875 0.19140625
2 0.2216796875 0.6787109375 0.1943359375 0.283203125
2 0.3857421875 0.76171875 0.177734375 0.423828125
2 0.4287109375 0.7294921875 0.1787109375 0.46484375
2 0.0693359375 0.666015625 0.123046875 0.3037109375
2 0.8349609375 0.3173828125 0.1162109375 0.298828125
4 0.8369140625 0.30078125 0.0986328125 0.1201171875
4 0.419921875 0.6474609375 0.10546875 0.2041015625
0 0.361328125 0.525390625 0.04296875 0.068359375
0 0.3212890625 0.58203125 0.04296875 0.06640625
0 0.1787109375 0.556640625 0.052734375 0.041015625
0 0.0673828125 0.537109375 0.0478515625 0.04296875
1 0.8212890625 0.203125 0.0361328125 0.0673828125