4 0.3603515625 0.3994140625 0.0732421875 0.185546875
2 0.3583984375 0.5087890625 0.134765625 0.5849609375
2 0.82421875 0.5693359375 0.12109375 0.2587890625
2 0.2666015625 0.5146484375 0.05859375 0.3271484375
2 0.2275390625 0.529296875 0.0517578125 0.2919921875
2 0.1669921875 0.5302734375 0.0478515625 0.283203125
2 0.12109375 0.5322265625 0.0751953125 0.408203125
2 0.1005859375 0.515625 0.0400390625 0.310546875
2 0.615234375 0.5419921875 0.0927734375 0.4248046875
3 0.8349609375 0.49609375 0.078125 0.0966796875
3 0.615234375 0.453125 0.0859375 0.1533203125
3 0.265625 0.44921875 0.0380859375 0.08984375
3 0.2216796875 0.466796875 0.046875 0.099609375
3 0.1640625 0.4765625 0.04296875 0.1025390625
3 0.119140625 0.462890625 0.056640625 0.14453125
0 0.6455078125 0.3603515625 0.029296875 0.0546875
0 0.3681640625 0.2470703125 0.0419921875 0.056640625
0 0.2841796875 0.375 0.025390625 0.0322265625
0 0.240234375 0.4013671875 0.0263671875 0.0283203125
0 0.1767578125 0.4072265625 0.021484375 0.029296875
0 0.138671875 0.3505859375 0.0341796875 0.037109375
0 0.109375 0.3798828125 0.0205078125 0.0283203125
1 0.779296875 0.478515625 0.033203125 0.064453125