4 0.4482421875 0.404296875 0.099609375 0.357421875
4 0.638671875 0.4794921875 0.1064453125 0.283203125
4 0.373046875 0.501953125 0.0517578125 0.1533203125
4 0.564453125 0.501953125 0.0263671875 0.134765625
4 0.25 0.513671875 0.056640625 0.158203125
2 0.6455078125 0.591796875 0.1875 0.71875
2 0.2607421875 0.5517578125 0.1123046875 0.3671875
2 0.46875 0.544921875 0.21484375 0.8896484375
2 0.3740234375 0.54296875 0.064453125 0.3603515625
1 0.474609375 0.1923828125 0.076171875 0.158203125
1 0.6435546875 0.29296875 0.048828125 0.0927734375
0 0.2529296875 0.384765625 0.0390625 0.0341796875
0 0.3701171875 0.388671875 0.029296875 0.037109375