4 0.5712890625 0.392578125 0.0673828125 0.2333984375
4 0.669921875 0.40234375 0.1240234375 0.2724609375
4 0.16796875 0.4140625 0.064453125 0.1982421875
4 0.25390625 0.421875 0.068359375 0.181640625
4 0.439453125 0.427734375 0.078125 0.177734375
4 0.84765625 0.4482421875 0.1005859375 0.2060546875
4 0.35546875 0.4482421875 0.0537109375 0.18359375
2 0.837890625 0.5888671875 0.150390625 0.6982421875
2 0.169921875 0.5263671875 0.09765625 0.638671875
2 0.5712890625 0.5625 0.1298828125 0.8544921875
2 0.4443359375 0.521484375 0.1005859375 0.607421875
2 0.263671875 0.5234375 0.126953125 0.626953125
2 0.3525390625 0.5341796875 0.115234375 0.6328125
2 0.6748046875 0.5390625 0.142578125 0.90234375
2 0.521484375 0.509765625 0.06640625 0.5478515625
2 0.779296875 0.47265625 0.0625 0.5458984375
4 0.779296875 0.3798828125 0.05859375 0.16796875
0 0.837890625 0.28125 0.0654296875 0.0810546875
0 0.7802734375 0.2216796875 0.0439453125 0.0498046875
0 0.65625 0.154296875 0.0908203125 0.119140625
0 0.5693359375 0.1904296875 0.0888671875 0.0966796875
0 0.1650390625 0.23828125 0.064453125 0.068359375
0 0.2470703125 0.24609375 0.0625 0.0703125
0 0.357421875 0.2529296875 0.064453125 0.0703125
0 0.435546875 0.25390625 0.0576171875 0.076171875