4 0.6298828125 0.474609375 0.357421875 0.4404296875
2 0.6494140625 0.525390625 0.419921875 0.9482421875
0 0.671875 0.1044921875 0.1845703125 0.10546875
2 0.509765625 0.380859375 0.111328125 0.3876953125
1 0.5234375 0.203125 0.0419921875 0.03125
2 0.095703125 0.2900390625 0.123046875 0.20703125
3 0.0859375 0.3017578125 0.09765625 0.12890625
1 0.0927734375 0.205078125 0.048828125 0.0361328125
3 0.9765625 0.33984375 0.046875 0.1337890625
1 0.9921875 0.212890625 0.015625 0.03125
2 0.9345703125 0.400390625 0.130859375 0.4453125