3 0.6611328125 0.3916015625 0.130859375 0.2470703125
3 0.5185546875 0.4228515625 0.12890625 0.2822265625
3 0.345703125 0.45703125 0.138671875 0.2724609375
3 0.8271484375 0.4599609375 0.1552734375 0.3095703125
3 0.078125 0.5263671875 0.1552734375 0.443359375
3 0.2236328125 0.52734375 0.1796875 0.5380859375
3 0.9326171875 0.5390625 0.1337890625 0.4130859375
2 0.9326171875 0.603515625 0.1318359375 0.7802734375
2 0.078125 0.5693359375 0.15625 0.841796875
2 0.82421875 0.5703125 0.15234375 0.7548828125
2 0.6865234375 0.4892578125 0.1708984375 0.6767578125
2 0.5126953125 0.494140625 0.1259765625 0.58203125
2 0.2744140625 0.5361328125 0.275390625 0.9072265625
2 0.384765625 0.57421875 0.2138671875 0.7900390625
1 0.33984375 0.25 0.0517578125 0.087890625
0 0.658203125 0.1865234375 0.0625 0.0673828125
1 0.5234375 0.25 0.048828125 0.0908203125
1 0.8017578125 0.2490234375 0.0615234375 0.1064453125
1 0.9541015625 0.2919921875 0.0908203125 0.1513671875
0 0.2177734375 0.1513671875 0.1162109375 0.1376953125
0 0.0859375 0.203125 0.1064453125 0.1044921875