4 0.4052734375 0.5556640625 0.1201171875 0.2890625
4 0.6005859375 0.478515625 0.0986328125 0.2734375
4 0.705078125 0.521484375 0.107421875 0.2548828125
3 0.2109375 0.490234375 0.0888671875 0.2294921875
2 0.1923828125 0.568359375 0.1669921875 0.578125
2 0.3818359375 0.6220703125 0.1748046875 0.650390625
2 0.6083984375 0.5927734375 0.126953125 0.6904296875
2 0.7001953125 0.609375 0.099609375 0.6357421875
0 0.41015625 0.3359375 0.0693359375 0.08203125
0 0.220703125 0.3076171875 0.060546875 0.056640625
0 0.6962890625 0.3212890625 0.064453125 0.0595703125
0 0.587890625 0.2802734375 0.072265625 0.068359375