4 0.2021484375 0.5322265625 0.0830078125 0.2197265625
4 0.3076171875 0.5322265625 0.0732421875 0.1767578125
2 0.2314453125 0.62890625 0.14453125 0.587890625
2 0.4228515625 0.5859375 0.0830078125 0.455078125
2 0.3212890625 0.58984375 0.107421875 0.427734375
2 0.880859375 0.556640625 0.0439453125 0.220703125
3 0.880859375 0.498046875 0.0322265625 0.06640625
3 0.4248046875 0.515625 0.0791015625 0.1904296875
1 0.2197265625 0.3955078125 0.0380859375 0.0810546875
1 0.3154296875 0.4091796875 0.0244140625 0.068359375
1 0.4248046875 0.3994140625 0.04296875 0.0703125
1 0.873046875 0.4599609375 0.013671875 0.02734375