4 0.0830078125 0.390625 0.1142578125 0.2763671875
4 0.4833984375 0.421875 0.1298828125 0.3408203125
4 0.2294921875 0.4228515625 0.0966796875 0.2392578125
4 0.34765625 0.509765625 0.1044921875 0.28125
4 0.6435546875 0.62890625 0.1845703125 0.4453125
2 0.083984375 0.478515625 0.166015625 0.6826171875
2 0.6357421875 0.607421875 0.2421875 0.783203125
2 0.337890625 0.56640625 0.150390625 0.658203125
2 0.2255859375 0.517578125 0.1220703125 0.6171875
2 0.474609375 0.537109375 0.166015625 0.8779296875
0 0.078125 0.189453125 0.05859375 0.08984375
0 0.21875 0.2607421875 0.0498046875 0.09375
0 0.34765625 0.2802734375 0.056640625 0.0830078125
0 0.482421875 0.140625 0.068359375 0.0908203125
0 0.6640625 0.275390625 0.080078125 0.1142578125