4 0.876953125 0.44140625 0.115234375 0.30859375
4 0.8271484375 0.5322265625 0.142578125 0.3525390625
2 0.8271484375 0.6103515625 0.177734375 0.7666015625
2 0.859375 0.560546875 0.1513671875 0.8095703125
2 0.40234375 0.4482421875 0.248046875 0.81640625
2 0.302734375 0.7900390625 0.115234375 0.2333984375
3 0.4140625 0.2783203125 0.1259765625 0.3515625
1 0.77734375 0.27734375 0.0654296875 0.1171875
1 0.8212890625 0.1875 0.0751953125 0.0703125
1 0.31640625 0.0908203125 0.0810546875 0.1015625
1 0.3251953125 0.7216796875 0.03515625 0.09765625