4 0.783203125 0.6337890625 0.0625 0.1435546875
4 0.482421875 0.521484375 0.072265625 0.078125
4 0.666015625 0.5244140625 0.0517578125 0.0859375
4 0.283203125 0.560546875 0.041015625 0.0673828125
4 0.373046875 0.5390625 0.046875 0.0859375
4 0.134765625 0.578125 0.0546875 0.1015625
4 0.630859375 0.51953125 0.078125 0.09375
2 0.75 0.5693359375 0.0732421875 0.2216796875
2 0.146484375 0.6337890625 0.1220703125 0.2890625
2 0.673828125 0.5673828125 0.0703125 0.259765625
2 0.6123046875 0.59765625 0.072265625 0.3232421875
2 0.466796875 0.580078125 0.091796875 0.263671875
2 0.373046875 0.595703125 0.0654296875 0.2705078125
2 0.283203125 0.58984375 0.0751953125 0.2763671875
2 0.5048828125 0.5859375 0.0625 0.2763671875
2 0.7900390625 0.6455078125 0.103515625 0.203125
4 0.75 0.5400390625 0.0458984375 0.0927734375
1 0.1259765625 0.51171875 0.0322265625 0.04296875
1 0.28125 0.4755859375 0.03125 0.04296875
1 0.373046875 0.4853515625 0.0263671875 0.044921875
1 0.4541015625 0.4716796875 0.0244140625 0.0478515625
1 0.4970703125 0.4697265625 0.025390625 0.04296875
1 0.6220703125 0.4560546875 0.0224609375 0.0400390625
1 0.6728515625 0.45703125 0.025390625 0.0390625
1 0.7548828125 0.48046875 0.029296875 0.041015625