3 0.265625 0.58203125 0.05859375 0.1806640625
3 0.50390625 0.591796875 0.046875 0.14453125
3 0.43359375 0.6025390625 0.064453125 0.1865234375
3 0.611328125 0.65234375 0.080078125 0.259765625
3 0.74609375 0.7197265625 0.166015625 0.4931640625
2 0.734375 0.609375 0.2626953125 0.7626953125
2 0.4326171875 0.6943359375 0.0908203125 0.490234375
2 0.2587890625 0.6806640625 0.0771484375 0.5322265625
2 0.603515625 0.703125 0.10546875 0.5791015625
2 0.5029296875 0.669921875 0.07421875 0.41796875
1 0.2705078125 0.435546875 0.0302734375 0.0419921875
0 0.7666015625 0.2978515625 0.107421875 0.142578125
0 0.626953125 0.4521484375 0.056640625 0.072265625
1 0.5029296875 0.478515625 0.0283203125 0.0361328125
1 0.4326171875 0.46484375 0.0322265625 0.046875