4 0.2724609375 0.33984375 0.103515625 0.263671875
4 0.5205078125 0.36328125 0.0810546875 0.29296875
2 0.4326171875 0.423828125 0.11328125 0.6025390625
2 0.517578125 0.484375 0.119140625 0.7734375
2 0.59375 0.4384765625 0.080078125 0.6572265625
2 0.28515625 0.4736328125 0.1240234375 0.7529296875
3 0.4384765625 0.328125 0.1044921875 0.1767578125
3 0.59375 0.3388671875 0.072265625 0.232421875
0 0.58203125 0.140625 0.0556640625 0.064453125
0 0.5107421875 0.130859375 0.064453125 0.0703125
0 0.4501953125 0.154296875 0.0458984375 0.0556640625
0 0.2822265625 0.1298828125 0.0693359375 0.0654296875