3 0.927734375 0.5 0.076171875 0.1708984375
3 0.73828125 0.4931640625 0.046875 0.1015625
3 0.5263671875 0.2001953125 0.072265625 0.0927734375
3 0.33984375 0.494140625 0.06640625 0.1298828125
3 0.2958984375 0.4912109375 0.056640625 0.134765625
3 0.2099609375 0.173828125 0.0361328125 0.08203125
2 0.9189453125 0.5693359375 0.1103515625 0.591796875
2 0.3505859375 0.57421875 0.1328125 0.400390625
2 0.728515625 0.556640625 0.0634765625 0.3046875
2 0.283203125 0.5654296875 0.09765625 0.337890625
2 0.2021484375 0.19921875 0.0693359375 0.2001953125
2 0.521484375 0.17578125 0.1181640625 0.1318359375
1 0.9404296875 0.3916015625 0.0380859375 0.060546875
1 0.732421875 0.423828125 0.02734375 0.0458984375
1 0.1982421875 0.119140625 0.0283203125 0.037109375
1 0.5166015625 0.138671875 0.0341796875 0.048828125
1 0.3447265625 0.4013671875 0.0322265625 0.052734375
1 0.3173828125 0.427734375 0.0302734375 0.0537109375