4 0.017578125 0.74609375 0.03515625 0.5009765625
4 0.234375 0.5927734375 0.130859375 0.341796875
4 0.3974609375 0.4931640625 0.119140625 0.203125
4 0.658203125 0.68359375 0.185546875 0.3662109375
2 0.376953125 0.62890625 0.1875 0.73046875
2 0.6435546875 0.630859375 0.2890625 0.7197265625
2 0.236328125 0.6298828125 0.14453125 0.7275390625
2 0.0546875 0.5771484375 0.1083984375 0.822265625
0 0.0546875 0.2666015625 0.109375 0.201171875
0 0.6474609375 0.3818359375 0.1123046875 0.2158203125
0 0.39453125 0.3056640625 0.0537109375 0.083984375
0 0.2646484375 0.3193359375 0.0830078125 0.1044921875