4 0.3603515625 0.3984375 0.076171875 0.1826171875
2 0.3583984375 0.5068359375 0.1318359375 0.576171875
2 0.8408203125 0.541015625 0.091796875 0.3349609375
2 0.1083984375 0.521484375 0.0556640625 0.3056640625
2 0.15625 0.5478515625 0.1181640625 0.37890625
2 0.2724609375 0.5556640625 0.0869140625 0.2421875
2 0.21484375 0.5205078125 0.052734375 0.23828125
2 0.640625 0.443359375 0.0458984375 0.2412109375
3 0.8447265625 0.466796875 0.0703125 0.14453125
3 0.267578125 0.4921875 0.05859375 0.0966796875
3 0.2138671875 0.478515625 0.0478515625 0.111328125
3 0.10546875 0.4658203125 0.046875 0.1220703125
4 0.1572265625 0.4541015625 0.0712890625 0.1240234375
0 0.1083984375 0.388671875 0.0244140625 0.03515625
0 0.1982421875 0.3876953125 0.0302734375 0.0576171875
0 0.365234375 0.25 0.0400390625 0.05859375
0 0.6484375 0.3544921875 0.02734375 0.05859375
1 0.8095703125 0.4033203125 0.0302734375 0.0634765625