4 0.470703125 0.5068359375 0.0947265625 0.1640625
4 0.6611328125 0.4990234375 0.087890625 0.15234375
2 0.4736328125 0.56640625 0.0888671875 0.375
2 0.5810546875 0.580078125 0.0791015625 0.375
2 0.3525390625 0.56640625 0.072265625 0.3544921875
2 0.6650390625 0.5380859375 0.0830078125 0.33203125
3 0.583984375 0.505859375 0.0634765625 0.1005859375
3 0.3564453125 0.5009765625 0.0537109375 0.091796875
1 0.353515625 0.4169921875 0.025390625 0.0517578125
1 0.474609375 0.4013671875 0.0263671875 0.044921875
1 0.5869140625 0.421875 0.0263671875 0.060546875
1 0.67578125 0.3994140625 0.0234375 0.0556640625