4 0.533203125 0.41015625 0.1240234375 0.2958984375
4 0.318359375 0.3486328125 0.0849609375 0.1806640625
2 0.533203125 0.5771484375 0.154296875 0.83203125
2 0.36328125 0.564453125 0.18359375 0.865234375
2 0.24609375 0.5302734375 0.291015625 0.921875
2 0.44140625 0.572265625 0.1162109375 0.6748046875
3 0.2119140625 0.4306640625 0.14453125 0.328125
0 0.4853515625 0.2060546875 0.064453125 0.0859375
0 0.4140625 0.2705078125 0.056640625 0.0654296875
0 0.34765625 0.1923828125 0.072265625 0.1162109375
0 0.2705078125 0.130859375 0.1318359375 0.1337890625