4 0.2958984375 0.486328125 0.033203125 0.1142578125
4 0.3701171875 0.4482421875 0.056640625 0.1416015625
4 0.474609375 0.478515625 0.0498046875 0.1318359375
2 0.470703125 0.556640625 0.0703125 0.3740234375
2 0.375 0.5419921875 0.0751953125 0.4169921875
2 0.31640625 0.5615234375 0.0625 0.3681640625
2 0.2998046875 0.55859375 0.0439453125 0.3583984375
0 0.4677734375 0.388671875 0.0302734375 0.037109375
0 0.3818359375 0.3544921875 0.0322265625 0.0390625
0 0.33203125 0.3984375 0.02734375 0.0341796875
0 0.3125 0.3955078125 0.0234375 0.0302734375