4 0.1318359375 0.3701171875 0.0859375 0.158203125
2 0.6787109375 0.5439453125 0.197265625 0.7470703125
2 0.126953125 0.44140625 0.10546875 0.37890625
2 0.8525390625 0.6015625 0.205078125 0.796875
2 0.0322265625 0.4443359375 0.064453125 0.330078125
2 0.291015625 0.4296875 0.078125 0.3291015625
2 0.4384765625 0.55078125 0.1640625 0.771484375
2 0.220703125 0.4375 0.068359375 0.2685546875
4 0.85546875 0.5068359375 0.162109375 0.359375
4 0.681640625 0.458984375 0.1826171875 0.31640625
4 0.42578125 0.40625 0.1435546875 0.26171875
4 0.29296875 0.3642578125 0.0654296875 0.1142578125
3 0.025390625 0.3935546875 0.05078125 0.158203125
3 0.2216796875 0.3759765625 0.0654296875 0.1005859375
1 0.845703125 0.2373046875 0.07421875 0.064453125
1 0.6884765625 0.2021484375 0.056640625 0.0615234375
1 0.4345703125 0.2021484375 0.0654296875 0.0654296875
1 0.28125 0.2841796875 0.03515625 0.0341796875
1 0.2158203125 0.3134765625 0.0244140625 0.0146484375
1 0.115234375 0.271484375 0.0283203125 0.0341796875
1 0.015625 0.2939453125 0.02734375 0.0322265625