3 0.43359375 0.48828125 0.0771484375 0.177734375
3 0.54296875 0.541015625 0.103515625 0.25
3 0.6357421875 0.5771484375 0.09375 0.30859375
3 0.841796875 0.625 0.115234375 0.400390625
3 0.44921875 0.736328125 0.18359375 0.2529296875
2 0.423828125 0.7919921875 0.2548828125 0.40625
2 0.435546875 0.466796875 0.1064453125 0.31640625
2 0.6259765625 0.6533203125 0.1181640625 0.681640625
2 0.5419921875 0.634765625 0.1064453125 0.6435546875
2 0.826171875 0.634765625 0.15625 0.72265625
0 0.7919921875 0.328125 0.083984375 0.109375
0 0.6005859375 0.35546875 0.068359375 0.078125
0 0.5263671875 0.349609375 0.0634765625 0.0712890625
0 0.4248046875 0.3359375 0.05859375 0.0654296875
0 0.3251953125 0.65625 0.0546875 0.1298828125