3 0.7138671875 0.48828125 0.1083984375 0.26171875
3 0.1279296875 0.498046875 0.1162109375 0.228515625
3 0.609375 0.5166015625 0.1220703125 0.251953125
3 0.47265625 0.525390625 0.158203125 0.4140625
3 0.84765625 0.5439453125 0.1640625 0.2763671875
3 0.306640625 0.55859375 0.24609375 0.4326171875
2 0.306640625 0.6025390625 0.24609375 0.77734375
2 0.1298828125 0.611328125 0.1220703125 0.5791015625
2 0.8369140625 0.6337890625 0.18359375 0.720703125
2 0.470703125 0.5869140625 0.166015625 0.8076171875
2 0.697265625 0.6025390625 0.1796875 0.7060546875
2 0.603515625 0.623046875 0.1298828125 0.59765625
0 0.1376953125 0.353515625 0.0615234375 0.0576171875
0 0.3310546875 0.2880859375 0.11328125 0.1494140625
0 0.474609375 0.236328125 0.08984375 0.109375
0 0.615234375 0.3525390625 0.0517578125 0.0625
0 0.69140625 0.287109375 0.068359375 0.078125
0 0.828125 0.3203125 0.0771484375 0.0810546875