4 0.7470703125 0.615234375 0.505859375 0.765625
4 0.1240234375 0.646484375 0.078125 0.396484375
4 0.3935546875 0.6611328125 0.3125 0.677734375
4 0.06640625 0.666015625 0.0673828125 0.3173828125
4 0.162109375 0.671875 0.142578125 0.4951171875
4 0.2568359375 0.724609375 0.134765625 0.5498046875
2 0.7578125 0.498046875 0.48046875 0.99609375
2 0.3671875 0.607421875 0.330078125 0.78125
2 0.0927734375 0.697265625 0.134765625 0.599609375
2 0.1650390625 0.673828125 0.1435546875 0.640625
2 0.1982421875 0.6728515625 0.208984375 0.650390625
1 0.69140625 0.12109375 0.169921875 0.236328125
1 0.365234375 0.3427734375 0.138671875 0.248046875
1 0.279296875 0.419921875 0.0888671875 0.169921875
1 0.1845703125 0.39453125 0.0732421875 0.080078125