4 0.919921875 0.68359375 0.05078125 0.1416015625
4 0.033203125 0.71484375 0.03125 0.0830078125
4 0.7373046875 0.7373046875 0.1015625 0.2236328125
4 0.8681640625 0.7685546875 0.103515625 0.23828125
4 0.2978515625 0.7763671875 0.080078125 0.208984375
4 0.595703125 0.7880859375 0.078125 0.228515625
2 0.59765625 0.7919921875 0.1142578125 0.416015625
2 0.853515625 0.7763671875 0.126953125 0.447265625
2 0.30859375 0.7939453125 0.126953125 0.4111328125
2 0.7451171875 0.7685546875 0.1376953125 0.4619140625
2 0.033203125 0.7314453125 0.05078125 0.1796875
2 0.9248046875 0.74609375 0.076171875 0.384765625
2 0.529296875 0.7587890625 0.056640625 0.287109375
2 0.6669921875 0.7978515625 0.0673828125 0.384765625
2 0.3837890625 0.7783203125 0.048828125 0.31640625
4 0.3837890625 0.7255859375 0.037109375 0.1064453125
4 0.5302734375 0.7216796875 0.046875 0.09765625
0 0.912109375 0.580078125 0.041015625 0.05078125
0 0.83984375 0.5869140625 0.0673828125 0.056640625
0 0.73046875 0.5751953125 0.0576171875 0.0703125
0 0.59765625 0.61328125 0.060546875 0.064453125
0 0.5361328125 0.6328125 0.03515625 0.0380859375
0 0.3896484375 0.6357421875 0.025390625 0.02734375
0 0.322265625 0.6181640625 0.05078125 0.0576171875
0 0.0361328125 0.6572265625 0.021484375 0.0341796875
0 0.673828125 0.6328125 0.0361328125 0.0498046875