4 0.607421875 0.5576171875 0.103515625 0.3232421875
2 0.5625 0.640625 0.197265625 0.7080078125
2 0.0556640625 0.7939453125 0.1103515625 0.404296875
2 0.1416015625 0.896484375 0.078125 0.205078125
2 0.19140625 0.8349609375 0.0263671875 0.115234375
3 0.041015625 0.8505859375 0.08203125 0.240234375
3 0.138671875 0.9130859375 0.0625 0.12109375
3 0.1923828125 0.81640625 0.01953125 0.0458984375
1 0.5615234375 0.34375 0.0556640625 0.109375
1 0.0498046875 0.646484375 0.064453125 0.10546875
1 0.1328125 0.8154296875 0.0263671875 0.0654296875
1 0.197265625 0.78515625 0.01171875 0.025390625