3 0.5634765625 0.67578125 0.203125 0.3369140625
4 0.65625 0.708984375 0.138671875 0.3564453125
4 0.33984375 0.7978515625 0.14453125 0.3349609375
4 0.201171875 0.685546875 0.203125 0.5478515625
2 0.5693359375 0.6484375 0.220703125 0.6845703125
2 0.2666015625 0.5810546875 0.341796875 0.81640625
2 0.6630859375 0.6865234375 0.140625 0.6025390625
2 0.3583984375 0.748046875 0.1591796875 0.478515625
0 0.216796875 0.2490234375 0.14453125 0.13671875
0 0.552734375 0.3583984375 0.1025390625 0.08984375
0 0.6396484375 0.4375 0.1015625 0.099609375
0 0.3193359375 0.541015625 0.0859375 0.0654296875