3 0.2412109375 0.5986328125 0.1767578125 0.333984375
3 0.587890625 0.5751953125 0.173828125 0.25
3 0.8271484375 0.548828125 0.142578125 0.2080078125
3 0.9462890625 0.5400390625 0.091796875 0.2890625
3 0.359375 0.5859375 0.125 0.2529296875
3 0.03515625 0.572265625 0.0703125 0.224609375
2 0.5859375 0.6875 0.173828125 0.625
2 0.83203125 0.689453125 0.169921875 0.615234375
2 0.28125 0.65234375 0.2451171875 0.689453125
2 0.349609375 0.6982421875 0.123046875 0.599609375
2 0.9453125 0.6611328125 0.109375 0.6767578125
2 0.0341796875 0.681640625 0.068359375 0.521484375
1 0.578125 0.4287109375 0.076171875 0.1015625
1 0.8212890625 0.4287109375 0.0634765625 0.0908203125
1 0.9384765625 0.3818359375 0.0888671875 0.115234375
1 0.283203125 0.3818359375 0.09765625 0.146484375
1 0.3466796875 0.443359375 0.0546875 0.080078125
1 0.025390625 0.4404296875 0.05078125 0.052734375