3 0.1494140625 0.69140625 0.2412109375 0.6044921875
3 0.8076171875 0.771484375 0.263671875 0.45703125
3 0.943359375 0.78125 0.1123046875 0.4365234375
3 0.3251953125 0.7939453125 0.150390625 0.3798828125
3 0.4765625 0.798828125 0.2353515625 0.40234375
2 0.48046875 0.68359375 0.228515625 0.623046875
2 0.1455078125 0.576171875 0.291015625 0.826171875
2 0.32421875 0.6962890625 0.142578125 0.5947265625
2 0.791015625 0.58203125 0.37109375 0.8232421875
2 0.9326171875 0.6806640625 0.1337890625 0.623046875
0 0.4833984375 0.4443359375 0.1025390625 0.1357421875
0 0.220703125 0.2568359375 0.1328125 0.17578125
0 0.8056640625 0.3369140625 0.119140625 0.134765625
0 0.912109375 0.41796875 0.087890625 0.1015625
0 0.3232421875 0.4658203125 0.0986328125 0.126953125