4 0.46484375 0.359375 0.115234375 0.3134765625
4 0.8896484375 0.3642578125 0.17578125 0.287109375
4 0.7548828125 0.3779296875 0.099609375 0.216796875
4 0.1494140625 0.4013671875 0.1591796875 0.287109375
2 0.1875 0.5068359375 0.26953125 0.8056640625
2 0.4912109375 0.5185546875 0.2919921875 0.9052734375
2 0.8515625 0.533203125 0.296875 0.890625
2 0.7431640625 0.5849609375 0.1904296875 0.7685546875
0 0.7578125 0.1669921875 0.09375 0.154296875
0 0.50390625 0.1328125 0.083984375 0.125
0 0.1494140625 0.1513671875 0.08203125 0.09765625