4 0.34375 0.578125 0.06640625 0.2177734375
2 0.33984375 0.673828125 0.0771484375 0.5654296875
2 0.890625 0.4755859375 0.072265625 0.388671875
2 0.0390625 0.6416015625 0.044921875 0.267578125
2 0.7880859375 0.4560546875 0.0537109375 0.3681640625
3 0.8916015625 0.4169921875 0.0517578125 0.125
1 0.8857421875 0.318359375 0.0458984375 0.056640625
3 0.787109375 0.3837890625 0.041015625 0.1318359375
1 0.7919921875 0.2998046875 0.029296875 0.0322265625
1 0.3515625 0.43359375 0.0419921875 0.0703125
1 0.0283203125 0.53125 0.021484375 0.048828125
3 0.041015625 0.603515625 0.0322265625 0.099609375