3 0.2958984375 0.3916015625 0.080078125 0.0966796875
3 0.177734375 0.4130859375 0.1435546875 0.283203125
3 0.74609375 0.416015625 0.064453125 0.22265625
3 0.3525390625 0.4296875 0.0380859375 0.123046875
3 0.3876953125 0.4296875 0.0556640625 0.1171875
3 0.509765625 0.427734375 0.1083984375 0.14453125
3 0.88671875 0.4453125 0.1181640625 0.2646484375
3 0.958984375 0.4580078125 0.0576171875 0.1865234375
3 0.6943359375 0.466796875 0.095703125 0.2646484375
2 0.162109375 0.5302734375 0.171875 0.6533203125
2 0.6923828125 0.61328125 0.1640625 0.76171875
2 0.87109375 0.5283203125 0.146484375 0.611328125
2 0.2939453125 0.4140625 0.080078125 0.1953125
2 0.515625 0.51953125 0.1279296875 0.3369140625
2 0.9560546875 0.5146484375 0.06640625 0.4091796875
2 0.7412109375 0.4814453125 0.07421875 0.4912109375
2 0.38671875 0.458984375 0.0595703125 0.255859375
2 0.3369140625 0.4248046875 0.0615234375 0.18359375
1 0.2158203125 0.2333984375 0.0576171875 0.060546875
1 0.6748046875 0.283203125 0.056640625 0.107421875
1 0.73046875 0.265625 0.04296875 0.0556640625
1 0.947265625 0.33203125 0.0361328125 0.0400390625
1 0.8720703125 0.2822265625 0.068359375 0.1171875
1 0.4736328125 0.400390625 0.041015625 0.095703125
1 0.3955078125 0.345703125 0.0244140625 0.03515625
1 0.3544921875 0.3515625 0.0224609375 0.0361328125
1 0.318359375 0.3330078125 0.0263671875 0.0361328125