4 0.3974609375 0.3310546875 0.0791015625 0.2177734375
4 0.517578125 0.37109375 0.08203125 0.2275390625
2 0.40625 0.46875 0.11328125 0.701171875
2 0.52734375 0.482421875 0.1220703125 0.6240234375
2 0.720703125 0.4462890625 0.2109375 0.662109375
2 0.1318359375 0.55859375 0.052734375 0.2587890625
2 0.1923828125 0.5283203125 0.0712890625 0.37109375
2 0.0146484375 0.4423828125 0.0224609375 0.0927734375
2 0.259765625 0.5224609375 0.0732421875 0.37890625
2 0.0859375 0.4599609375 0.021484375 0.1181640625
3 0.71875 0.345703125 0.0966796875 0.2861328125
3 0.2578125 0.455078125 0.0595703125 0.1416015625
3 0.1943359375 0.48046875 0.0556640625 0.1416015625
3 0.1298828125 0.541015625 0.0341796875 0.1513671875
3 0.0849609375 0.4365234375 0.015625 0.0400390625
3 0.015625 0.431640625 0.0126953125 0.0400390625
1 0.69140625 0.1650390625 0.048828125 0.099609375
1 0.517578125 0.212890625 0.0458984375 0.0771484375
1 0.3955078125 0.173828125 0.0517578125 0.111328125
1 0.2490234375 0.359375 0.0244140625 0.056640625
1 0.193359375 0.3701171875 0.025390625 0.056640625
1 0.12890625 0.447265625 0.0205078125 0.0439453125
1 0.0859375 0.41015625 0.0107421875 0.0205078125
1 0.015625 0.4013671875 0.0107421875 0.0166015625