4 0.396484375 0.544921875 0.111328125 0.4189453125
4 0.5556640625 0.5595703125 0.1142578125 0.3251953125
4 0.912109375 0.583984375 0.126953125 0.3330078125
4 0.2060546875 0.603515625 0.1845703125 0.650390625
4 0.7109375 0.669921875 0.1328125 0.322265625
2 0.908203125 0.6328125 0.1826171875 0.734375
2 0.7138671875 0.69140625 0.166015625 0.615234375
2 0.2197265625 0.521484375 0.216796875 0.9560546875
2 0.5390625 0.654296875 0.154296875 0.689453125
2 0.3955078125 0.599609375 0.1796875 0.7998046875
0 0.2412109375 0.111328125 0.1376953125 0.1298828125
0 0.578125 0.376953125 0.0595703125 0.1201171875
0 0.73828125 0.431640625 0.0595703125 0.09375
0 0.9453125 0.31640625 0.064453125 0.087890625
0 0.4306640625 0.26953125 0.068359375 0.1279296875