3 0.62890625 0.41015625 0.0576171875 0.146484375
3 0.42578125 0.421875 0.0771484375 0.13671875
3 0.34375 0.4248046875 0.0771484375 0.103515625
3 0.5439453125 0.431640625 0.08203125 0.13671875
3 0.21484375 0.4501953125 0.099609375 0.1533203125
3 0.8583984375 0.48828125 0.1328125 0.1767578125
3 0.701171875 0.5029296875 0.1474609375 0.1796875
3 0.044921875 0.5068359375 0.08984375 0.1796875
2 0.0625 0.6220703125 0.1220703125 0.6064453125
2 0.71484375 0.634765625 0.205078125 0.6728515625
2 0.8564453125 0.5947265625 0.169921875 0.6103515625
2 0.23046875 0.54296875 0.14453125 0.51953125
2 0.552734375 0.5146484375 0.1298828125 0.4228515625
2 0.34375 0.4912109375 0.099609375 0.400390625
2 0.431640625 0.455078125 0.10546875 0.3466796875
2 0.0908203125 0.5185546875 0.087890625 0.40625
0 0.8544921875 0.3251953125 0.064453125 0.0576171875
0 0.7177734375 0.3388671875 0.072265625 0.0732421875
0 0.544921875 0.33984375 0.0458984375 0.0625
0 0.42578125 0.3251953125 0.0400390625 0.0625
0 0.341796875 0.31640625 0.0390625 0.0390625
0 0.21875 0.3095703125 0.060546875 0.0498046875
0 0.08984375 0.3408203125 0.044921875 0.0390625
0 0.033203125 0.349609375 0.05859375 0.0615234375