3 0.9228515625 0.3798828125 0.1220703125 0.2568359375
3 0.572265625 0.3935546875 0.1484375 0.29296875
3 0.447265625 0.40234375 0.0859375 0.2734375
3 0.3076171875 0.4697265625 0.1923828125 0.4462890625
3 0.685546875 0.4951171875 0.1962890625 0.333984375
2 0.5849609375 0.5712890625 0.4140625 0.837890625
2 0.919921875 0.4677734375 0.15625 0.6474609375
2 0.328125 0.5205078125 0.2421875 0.927734375
2 0.556640625 0.5400390625 0.158203125 0.8564453125
2 0.44140625 0.5048828125 0.1279296875 0.8564453125
0 0.5400390625 0.1484375 0.0986328125 0.06640625
0 0.7001953125 0.2177734375 0.15234375 0.1259765625
0 0.3671875 0.1201171875 0.1708984375 0.1240234375
0 0.955078125 0.17578125 0.08984375 0.05859375