4 0.46875 0.4775390625 0.046875 0.1044921875
4 0.525390625 0.494140625 0.044921875 0.107421875
4 0.60546875 0.498046875 0.05859375 0.115234375
4 0.6796875 0.5302734375 0.0390625 0.109375
2 0.46875 0.5166015625 0.046875 0.2412109375
2 0.5244140625 0.5263671875 0.044921875 0.2333984375
2 0.607421875 0.5341796875 0.0556640625 0.25
2 0.6826171875 0.5732421875 0.0458984375 0.283203125
1 0.68359375 0.451171875 0.021484375 0.0361328125
1 0.611328125 0.4267578125 0.017578125 0.0390625
1 0.525390625 0.427734375 0.0234375 0.0400390625
1 0.47265625 0.41015625 0.0166015625 0.03125