4 0.1748046875 0.3740234375 0.109375 0.3515625
4 0.3125 0.3916015625 0.0966796875 0.2548828125
4 0.703125 0.392578125 0.0966796875 0.2294921875
4 0.431640625 0.3994140625 0.0859375 0.2001953125
4 0.5537109375 0.46875 0.099609375 0.2216796875
4 0.865234375 0.546875 0.091796875 0.267578125
2 0.5517578125 0.51171875 0.123046875 0.5029296875
2 0.849609375 0.60546875 0.150390625 0.59375
2 0.4287109375 0.474609375 0.107421875 0.533203125
2 0.3056640625 0.462890625 0.142578125 0.603515625
2 0.6953125 0.4931640625 0.142578125 0.6533203125
2 0.189453125 0.490234375 0.146484375 0.8720703125
0 0.189453125 0.0966796875 0.0693359375 0.068359375
0 0.3330078125 0.2060546875 0.044921875 0.0869140625
0 0.439453125 0.25390625 0.0439453125 0.0830078125
0 0.568359375 0.2900390625 0.0400390625 0.0556640625
0 0.71484375 0.203125 0.04296875 0.06640625
0 0.87890625 0.3486328125 0.0517578125 0.0732421875