4 0.5771484375 0.55078125 0.0478515625 0.0986328125
4 0.50390625 0.5673828125 0.044921875 0.130859375
4 0.7177734375 0.5810546875 0.119140625 0.2236328125
4 0.462890625 0.595703125 0.0625 0.171875
4 0.6240234375 0.599609375 0.0625 0.138671875
4 0.3623046875 0.6162109375 0.0615234375 0.1494140625
4 0.21484375 0.623046875 0.087890625 0.177734375
2 0.708984375 0.6552734375 0.134765625 0.5419921875
2 0.2109375 0.67578125 0.1103515625 0.4052734375
2 0.365234375 0.66015625 0.0888671875 0.3583984375
2 0.4609375 0.6435546875 0.080078125 0.380859375
2 0.619140625 0.6318359375 0.072265625 0.3330078125
2 0.505859375 0.611328125 0.0654296875 0.3349609375
2 0.580078125 0.5986328125 0.052734375 0.2783203125
0 0.705078125 0.412109375 0.0576171875 0.0517578125
0 0.6298828125 0.486328125 0.03515625 0.04296875
0 0.5810546875 0.4755859375 0.02734375 0.033203125
0 0.498046875 0.4599609375 0.0263671875 0.033203125
0 0.455078125 0.474609375 0.0341796875 0.041015625
0 0.36328125 0.50390625 0.0322265625 0.0390625
0 0.2197265625 0.4912109375 0.041015625 0.0390625