4 0.033203125 0.685546875 0.064453125 0.62109375
4 0.912109375 0.537109375 0.171875 0.8681640625
2 0.505859375 0.6083984375 0.244140625 0.767578125
2 0.900390625 0.4921875 0.197265625 0.984375
2 0.080078125 0.318359375 0.0546875 0.2529296875
2 0.162109375 0.3056640625 0.0517578125 0.2470703125
2 0.3642578125 0.3037109375 0.046875 0.244140625
2 0.55078125 0.2724609375 0.056640625 0.20703125
2 0.03515625 0.51953125 0.068359375 0.93359375
3 0.4853515625 0.626953125 0.1806640625 0.3525390625
3 0.55078125 0.2373046875 0.0390625 0.068359375
3 0.1591796875 0.2685546875 0.037109375 0.0888671875
3 0.3623046875 0.2685546875 0.0283203125 0.0859375
3 0.076171875 0.267578125 0.0400390625 0.068359375
1 0.4931640625 0.333984375 0.1025390625 0.2255859375
0 0.0517578125 0.1259765625 0.103515625 0.1552734375
1 0.1572265625 0.205078125 0.0244140625 0.0361328125
1 0.0712890625 0.21484375 0.0244140625 0.0400390625
1 0.361328125 0.201171875 0.0205078125 0.0439453125
1 0.5498046875 0.1923828125 0.017578125 0.0341796875