4 0.375 0.51953125 0.080078125 0.1884765625
4 0.705078125 0.720703125 0.2353515625 0.4951171875
4 0.1708984375 0.72265625 0.1611328125 0.3046875
2 0.6884765625 0.6171875 0.328125 0.7587890625
2 0.1669921875 0.66796875 0.2431640625 0.662109375
2 0.373046875 0.6513671875 0.1416015625 0.685546875
2 0.4892578125 0.5439453125 0.0830078125 0.3740234375
2 0.833984375 0.677734375 0.1357421875 0.6259765625
2 0.2734375 0.453125 0.0419921875 0.1494140625
4 0.494140625 0.4697265625 0.0478515625 0.111328125
3 0.271484375 0.4296875 0.033203125 0.0537109375
0 0.68359375 0.3251953125 0.1474609375 0.177734375
0 0.3837890625 0.33984375 0.0712890625 0.0634765625
0 0.4775390625 0.375 0.041015625 0.03515625
0 0.169921875 0.4013671875 0.1728515625 0.1279296875
0 0.828125 0.4140625 0.107421875 0.0927734375