3 0.4951171875 0.458984375 0.046875 0.1005859375
3 0.318359375 0.4755859375 0.09765625 0.146484375
3 0.2177734375 0.48046875 0.095703125 0.13671875
3 0.083984375 0.4833984375 0.09375 0.1494140625
3 0.578125 0.5048828125 0.091796875 0.1494140625
3 0.7197265625 0.5107421875 0.1044921875 0.185546875
3 0.4501953125 0.521484375 0.087890625 0.201171875
3 0.859375 0.5224609375 0.130859375 0.2041015625
2 0.5771484375 0.5517578125 0.091796875 0.3779296875
2 0.861328125 0.60546875 0.1328125 0.5703125
2 0.2177734375 0.5361328125 0.091796875 0.3779296875
2 0.708984375 0.55078125 0.126953125 0.4296875
2 0.31640625 0.5224609375 0.091796875 0.3779296875
2 0.0830078125 0.52734375 0.091796875 0.3720703125
2 0.455078125 0.55078125 0.099609375 0.3837890625
2 0.49609375 0.5185546875 0.044921875 0.326171875
0 0.8486328125 0.345703125 0.0595703125 0.046875
0 0.7275390625 0.3564453125 0.041015625 0.0419921875
0 0.57421875 0.3876953125 0.0400390625 0.0419921875
0 0.490234375 0.365234375 0.029296875 0.0283203125
0 0.4482421875 0.380859375 0.03125 0.048828125
0 0.3115234375 0.353515625 0.0458984375 0.0380859375
0 0.21875 0.37109375 0.0380859375 0.0400390625
0 0.080078125 0.365234375 0.0400390625 0.041015625