4 0.75 0.53125 0.0966796875 0.166015625
3 0.8720703125 0.587890625 0.091796875 0.1796875
3 0.1611328125 0.5869140625 0.0888671875 0.1767578125
3 0.263671875 0.5927734375 0.095703125 0.162109375
3 0.3828125 0.5576171875 0.0859375 0.162109375
3 0.4619140625 0.5634765625 0.076171875 0.119140625
3 0.5341796875 0.5458984375 0.056640625 0.130859375
3 0.5888671875 0.5693359375 0.064453125 0.1376953125
3 0.677734375 0.609375 0.0810546875 0.1435546875
2 0.15625 0.65625 0.126953125 0.4580078125
2 0.263671875 0.6611328125 0.111328125 0.443359375
2 0.8740234375 0.6689453125 0.140625 0.5048828125
2 0.3837890625 0.654296875 0.1298828125 0.5
2 0.759765625 0.642578125 0.125 0.521484375
2 0.677734375 0.6845703125 0.107421875 0.4375
2 0.587890625 0.66796875 0.099609375 0.4482421875
2 0.462890625 0.654296875 0.087890625 0.4345703125
2 0.5341796875 0.63671875 0.083984375 0.4580078125
1 0.869140625 0.4541015625 0.0458984375 0.0712890625
1 0.75 0.4140625 0.0419921875 0.0654296875
1 0.162109375 0.4658203125 0.04296875 0.0751953125
1 0.267578125 0.478515625 0.05078125 0.07421875
1 0.3857421875 0.4453125 0.044921875 0.080078125
1 0.462890625 0.46875 0.044921875 0.068359375
1 0.53515625 0.443359375 0.0439453125 0.0703125
1 0.59375 0.470703125 0.03515625 0.060546875
1 0.671875 0.501953125 0.05078125 0.0732421875