3 0.58984375 0.5009765625 0.1640625 0.3251953125
4 0.1904296875 0.638671875 0.2119140625 0.4560546875
4 0.69921875 0.6669921875 0.23828125 0.4111328125
4 0.4248046875 0.7197265625 0.265625 0.4853515625
2 0.19140625 0.626953125 0.2099609375 0.744140625
2 0.6953125 0.6484375 0.23828125 0.701171875
2 0.4267578125 0.6513671875 0.275390625 0.697265625
2 0.59765625 0.603515625 0.173828125 0.7783203125
0 0.5986328125 0.2568359375 0.0849609375 0.0771484375
0 0.18359375 0.31640625 0.1328125 0.1201171875
0 0.708984375 0.3623046875 0.1123046875 0.1298828125
0 0.427734375 0.3857421875 0.12890625 0.154296875