4 0.5537109375 0.4990234375 0.0576171875 0.1318359375
4 0.654296875 0.453125 0.05859375 0.130859375
4 0.7744140625 0.4345703125 0.060546875 0.1357421875
4 0.8583984375 0.3994140625 0.087890625 0.1376953125
2 0.779296875 0.4775390625 0.078125 0.318359375
2 0.65625 0.5078125 0.0791015625 0.326171875
2 0.5556640625 0.5439453125 0.064453125 0.3095703125
2 0.861328125 0.4453125 0.091796875 0.322265625
1 0.84375 0.3125 0.0244140625 0.0595703125
1 0.7666015625 0.3330078125 0.025390625 0.0478515625
1 0.6435546875 0.36328125 0.0263671875 0.05078125
1 0.5419921875 0.4033203125 0.025390625 0.0439453125