3 0.3486328125 0.3681640625 0.1064453125 0.158203125
3 0.2236328125 0.376953125 0.0849609375 0.1533203125
3 0.546875 0.408203125 0.107421875 0.2294921875
3 0.66796875 0.4189453125 0.0791015625 0.3095703125
3 0.732421875 0.5166015625 0.1220703125 0.416015625
2 0.3515625 0.47265625 0.10546875 0.544921875
2 0.2314453125 0.46875 0.1064453125 0.521484375
2 0.732421875 0.5576171875 0.1181640625 0.869140625
2 0.53125 0.5458984375 0.1337890625 0.748046875
2 0.66796875 0.5146484375 0.08203125 0.732421875
0 0.3369140625 0.228515625 0.0458984375 0.060546875
0 0.2197265625 0.2392578125 0.046875 0.056640625
0 0.7294921875 0.1806640625 0.09765625 0.1220703125
0 0.5205078125 0.21875 0.060546875 0.0966796875
0 0.654296875 0.185546875 0.0615234375 0.0712890625