4 0.341796875 0.533203125 0.1279296875 0.2236328125
3 0.48828125 0.546875 0.1123046875 0.234375
3 0.7197265625 0.572265625 0.1357421875 0.3388671875
3 0.58984375 0.5947265625 0.099609375 0.240234375
2 0.7109375 0.6435546875 0.150390625 0.708984375
2 0.3408203125 0.6455078125 0.1396484375 0.658203125
2 0.57421875 0.6923828125 0.1318359375 0.6103515625
2 0.4736328125 0.638671875 0.15234375 0.599609375
0 0.6767578125 0.34375 0.083984375 0.1083984375
0 0.5595703125 0.4326171875 0.0625 0.095703125
0 0.5009765625 0.3896484375 0.0703125 0.1015625
0 0.375 0.3486328125 0.064453125 0.0703125