4 0.5908203125 0.4384765625 0.0380859375 0.099609375
4 0.6494140625 0.4453125 0.0458984375 0.0927734375
2 0.240234375 0.8046875 0.0537109375 0.322265625
2 0.5927734375 0.49609375 0.0517578125 0.2890625
2 0.515625 0.474609375 0.048828125 0.2490234375
2 0.455078125 0.451171875 0.0498046875 0.302734375
2 0.5595703125 0.3544921875 0.044921875 0.2041015625
2 0.65234375 0.5029296875 0.05078125 0.27734375
2 0.501953125 0.3388671875 0.0380859375 0.1416015625
2 0.294921875 0.677734375 0.048828125 0.26953125
2 0.546875 0.2490234375 0.0419921875 0.1845703125
2 0.580078125 0.1982421875 0.0263671875 0.162109375
3 0.240234375 0.7509765625 0.048828125 0.1181640625
3 0.2939453125 0.6357421875 0.0400390625 0.1015625
3 0.513671875 0.4365234375 0.0361328125 0.09765625
3 0.4521484375 0.3994140625 0.037109375 0.109375
3 0.5595703125 0.3193359375 0.029296875 0.0791015625
3 0.58203125 0.177734375 0.0185546875 0.064453125
3 0.546875 0.2158203125 0.03515625 0.0625
3 0.5 0.3349609375 0.0263671875 0.06640625
1 0.23828125 0.669921875 0.021484375 0.0478515625
1 0.2939453125 0.5615234375 0.0234375 0.037109375
1 0.453125 0.322265625 0.01953125 0.0419921875
1 0.50390625 0.2841796875 0.015625 0.029296875
1 0.5478515625 0.1689453125 0.0126953125 0.0263671875
1 0.5791015625 0.130859375 0.0166015625 0.0263671875
1 0.5556640625 0.265625 0.015625 0.0224609375
1 0.515625 0.3671875 0.0146484375 0.03125
1 0.595703125 0.375 0.015625 0.0400390625
1 0.654296875 0.3818359375 0.021484375 0.0380859375