3 0.6796875 0.7138671875 0.349609375 0.572265625
3 0.3994140625 0.7861328125 0.154296875 0.427734375
3 0.1123046875 0.55859375 0.119140625 0.3017578125
2 0.685546875 0.5185546875 0.546875 0.9609375
2 0.3681640625 0.681640625 0.251953125 0.6328125
2 0.126953125 0.498046875 0.1669921875 0.451171875
2 0.2568359375 0.6728515625 0.1826171875 0.6455078125
3 0.2861328125 0.646484375 0.1025390625 0.33984375
1 0.8359375 0.3076171875 0.22265625 0.271484375
1 0.4072265625 0.443359375 0.0810546875 0.1533203125
1 0.2841796875 0.423828125 0.078125 0.1357421875
1 0.099609375 0.3134765625 0.0791015625 0.0771484375