4 0.5771484375 0.5947265625 0.10546875 0.3388671875
4 0.7373046875 0.6025390625 0.1142578125 0.2890625
3 0.4111328125 0.60546875 0.09375 0.2890625
4 0.869140625 0.642578125 0.1162109375 0.34765625
3 0.3095703125 0.6474609375 0.109375 0.3056640625
3 0.1875 0.6875 0.126953125 0.2919921875
3 0.5048828125 0.7626953125 0.0986328125 0.2529296875
2 0.1884765625 0.69140625 0.1669921875 0.6025390625
2 0.87109375 0.6455078125 0.1572265625 0.6943359375
2 0.734375 0.634765625 0.1376953125 0.7138671875
2 0.3076171875 0.673828125 0.146484375 0.6474609375
2 0.5703125 0.640625 0.154296875 0.7109375
2 0.408203125 0.658203125 0.1337890625 0.677734375
2 0.505859375 0.734375 0.1533203125 0.51953125
0 0.8583984375 0.345703125 0.0625 0.0869140625
0 0.7392578125 0.32421875 0.05859375 0.08984375
0 0.5517578125 0.330078125 0.0673828125 0.09765625
1 0.49609375 0.509765625 0.052734375 0.0751953125
1 0.404296875 0.3564453125 0.05078125 0.06640625
1 0.3125 0.3837890625 0.05078125 0.06640625
1 0.1875 0.4375 0.05859375 0.083984375