4 0.4189453125 0.484375 0.1220703125 0.380859375
4 0.701171875 0.484375 0.0791015625 0.3876953125
2 0.5712890625 0.5712890625 0.201171875 0.83984375
2 0.3994140625 0.564453125 0.1884765625 0.8525390625
2 0.763671875 0.61328125 0.1865234375 0.7607421875
2 0.7177734375 0.5419921875 0.1015625 0.8623046875
3 0.5615234375 0.53515625 0.16015625 0.4609375
3 0.7568359375 0.5986328125 0.1435546875 0.3466796875
1 0.77734375 0.3154296875 0.0849609375 0.17578125
1 0.7177734375 0.205078125 0.095703125 0.1708984375
1 0.5771484375 0.2333984375 0.0927734375 0.171875
1 0.408203125 0.216796875 0.0849609375 0.15234375