4 0.306640625 0.458984375 0.056640625 0.0908203125
4 0.5419921875 0.51171875 0.068359375 0.154296875
4 0.505859375 0.466796875 0.0302734375 0.06640625
4 0.5732421875 0.4697265625 0.0283203125 0.05859375
4 0.6572265625 0.51953125 0.0908203125 0.16796875
4 0.7626953125 0.5068359375 0.0634765625 0.1171875
2 0.650390625 0.5859375 0.09765625 0.435546875
2 0.7626953125 0.5556640625 0.09375 0.33203125
2 0.3076171875 0.5029296875 0.0537109375 0.2177734375
2 0.541015625 0.5693359375 0.0751953125 0.3935546875
2 0.50390625 0.4912109375 0.03125 0.1669921875
2 0.572265625 0.484375 0.025390625 0.138671875
0 0.7578125 0.4169921875 0.0361328125 0.052734375
0 0.6435546875 0.404296875 0.04296875 0.05078125
0 0.544921875 0.408203125 0.0439453125 0.0654296875
0 0.30078125 0.4072265625 0.01953125 0.0283203125
0 0.5078125 0.4267578125 0.017578125 0.0283203125
0 0.5751953125 0.4326171875 0.013671875 0.0302734375