3 0.125 0.330078125 0.18359375 0.341796875
3 0.6796875 0.3818359375 0.1484375 0.2568359375
3 0.8662109375 0.41796875 0.080078125 0.18359375
3 0.3681640625 0.431640625 0.2099609375 0.2822265625
2 0.361328125 0.5595703125 0.2333984375 0.859375
2 0.6982421875 0.4853515625 0.1845703125 0.6533203125
2 0.12109375 0.4892578125 0.2041015625 0.9775390625
2 0.8564453125 0.46875 0.1064453125 0.4208984375
0 0.8818359375 0.28125 0.0361328125 0.0517578125
0 0.76171875 0.2119140625 0.060546875 0.0986328125
0 0.3408203125 0.2265625 0.0888671875 0.1884765625
0 0.0908203125 0.072265625 0.10546875 0.1376953125