4 0.16796875 0.6337890625 0.2275390625 0.5859375
4 0.734375 0.6767578125 0.2158203125 0.6376953125
2 0.216796875 0.537109375 0.3173828125 0.900390625
2 0.537109375 0.5693359375 0.2568359375 0.8349609375
2 0.8701171875 0.556640625 0.173828125 0.8662109375
2 0.72265625 0.5419921875 0.2431640625 0.8955078125
3 0.8828125 0.640625 0.1416015625 0.552734375
3 0.5595703125 0.6015625 0.2177734375 0.4248046875
0 0.83984375 0.1884765625 0.09765625 0.1220703125
0 0.7109375 0.1630859375 0.14453125 0.13671875
0 0.56640625 0.2197265625 0.10546875 0.12890625
0 0.177734375 0.185546875 0.154296875 0.1865234375