3 0.4912109375 0.5966796875 0.189453125 0.33203125
4 0.71875 0.60546875 0.158203125 0.37890625
3 0.1005859375 0.7021484375 0.201171875 0.4072265625
2 0.1083984375 0.6376953125 0.216796875 0.7197265625
2 0.888671875 0.580078125 0.22265625 0.8369140625
2 0.46484375 0.6201171875 0.287109375 0.755859375
2 0.33984375 0.6337890625 0.19140625 0.73046875
2 0.26953125 0.6455078125 0.142578125 0.58203125
2 0.68359375 0.5859375 0.287109375 0.8232421875
2 0.18359375 0.4951171875 0.064453125 0.1044921875
4 0.9130859375 0.6962890625 0.1640625 0.58984375
3 0.322209375 0.644151041015625 0.32414765625 0.595013541015625 0.38229765625 0.4734625 0.33771640625 0.4501875 0.2747203125 0.52389375 0.2437078125 0.651910416015625 0.2514609375 0.65966875 0.31542578125 0.680358333984375 0.29701171875 0.876908333984375 0.36388359375 0.880788541015625 0.35850703125 0.874594791015625 0.37551328125 0.777340625 0.39295859375 0.768288541015625 0.3852046875 0.654495833984375 0.322209375 0.644151041015625
3 0.24661484375 0.653203125 0.27859765625 0.514841666015625 0.2291703125 0.547169791015625 0.2068796875 0.655789583984375 0.2408 0.67130625 0.2437078125 0.70880625 0.2437078125 0.778633333984375 0.2369234375 0.83165 0.2408 0.941563541015625 0.31163203125 0.93015 0.29798046875 0.879494791015625 0.30961015625 0.689410416015625 0.24661484375 0.653203125
0 0.880859375 0.2578125 0.2041015625 0.1875
0 0.66796875 0.240234375 0.125 0.14453125
0 0.5166015625 0.318359375 0.1259765625 0.1494140625
0 0.380859375 0.333984375 0.1064453125 0.1181640625
0 0.29296875 0.3857421875 0.0830078125 0.05859375
0 0.1455078125 0.328125 0.1318359375 0.109375