4 0.69140625 0.556640625 0.060546875 0.1484375
4 0.552734375 0.55859375 0.0625 0.16015625
4 0.4052734375 0.6044921875 0.0888671875 0.1826171875
4 0.2333984375 0.6044921875 0.0771484375 0.1904296875
2 0.3994140625 0.66015625 0.1181640625 0.4638671875
2 0.220703125 0.6669921875 0.1416015625 0.494140625
2 0.556640625 0.626953125 0.091796875 0.494140625
2 0.6923828125 0.6162109375 0.072265625 0.4560546875
0 0.685546875 0.4111328125 0.0380859375 0.0439453125
0 0.5576171875 0.40625 0.041015625 0.046875
0 0.40625 0.4462890625 0.0419921875 0.0458984375
0 0.2392578125 0.4560546875 0.041015625 0.0712890625