4 0.2646484375 0.625 0.044921875 0.11328125
4 0.56640625 0.626953125 0.05859375 0.1162109375
4 0.3203125 0.62890625 0.052734375 0.1201171875
4 0.671875 0.6328125 0.076171875 0.1064453125
4 0.40234375 0.6435546875 0.052734375 0.1318359375
4 0.44140625 0.650390625 0.0263671875 0.109375
4 0.482421875 0.671875 0.0595703125 0.130859375
2 0.318359375 0.6806640625 0.080078125 0.3095703125
2 0.5654296875 0.6728515625 0.0654296875 0.2919921875
2 0.4873046875 0.7138671875 0.0849609375 0.3212890625
2 0.396484375 0.6982421875 0.068359375 0.3232421875
2 0.259765625 0.6748046875 0.06640625 0.29296875
2 0.6953125 0.6787109375 0.140625 0.298828125
2 0.447265625 0.689453125 0.048828125 0.2744140625
0 0.6494140625 0.544921875 0.0283203125 0.029296875
0 0.5673828125 0.541015625 0.029296875 0.025390625
0 0.4833984375 0.568359375 0.037109375 0.033203125
0 0.4541015625 0.5693359375 0.0283203125 0.0263671875
0 0.4091796875 0.55078125 0.03125 0.029296875
0 0.330078125 0.541015625 0.0322265625 0.029296875
0 0.2734375 0.541015625 0.03125 0.025390625