4 0.33984375 0.7900390625 0.2294921875 0.4169921875
2 0.75 0.8134765625 0.046875 0.212890625
2 0.822265625 0.7998046875 0.05078125 0.23046875
2 0.4140625 0.6513671875 0.3837890625 0.68359375
2 0.896484375 0.7822265625 0.0400390625 0.1962890625
3 0.75 0.77734375 0.04296875 0.0791015625
3 0.8203125 0.7666015625 0.0419921875 0.1015625
3 0.896484375 0.751953125 0.029296875 0.0830078125
1 0.4111328125 0.4384765625 0.1396484375 0.2490234375
1 0.89453125 0.7001953125 0.015625 0.03515625
1 0.8251953125 0.7001953125 0.01953125 0.03125
1 0.748046875 0.73046875 0.01953125 0.04296875