4 0.607421875 0.443359375 0.1064453125 0.099609375
4 0.3564453125 0.533203125 0.28125 0.2734375
4 0.740234375 0.517578125 0.1796875 0.197265625
4 0.4912109375 0.513671875 0.130859375 0.2158203125
2 0.609375 0.4658203125 0.119140625 0.265625
2 0.5048828125 0.5380859375 0.154296875 0.400390625
2 0.337890625 0.6337890625 0.373046875 0.6376953125
2 0.732421875 0.5546875 0.1767578125 0.4111328125
0 0.349609375 0.3408203125 0.1044921875 0.048828125
1 0.4873046875 0.375 0.0703125 0.0615234375
1 0.7265625 0.3896484375 0.0703125 0.05078125
1 0.5986328125 0.3740234375 0.037109375 0.03515625