3 0.78125 0.4609375 0.1279296875 0.2890625
3 0.5546875 0.4638671875 0.140625 0.2822265625
3 0.359375 0.46875 0.146484375 0.3232421875
3 0.896484375 0.470703125 0.142578125 0.357421875
3 0.970703125 0.4951171875 0.0537109375 0.220703125
3 0.2666015625 0.5 0.091796875 0.2861328125
3 0.0673828125 0.5390625 0.1298828125 0.294921875
2 0.5849609375 0.5966796875 0.1923828125 0.7978515625
2 0.06640625 0.626953125 0.1298828125 0.7451171875
2 0.7890625 0.583984375 0.138671875 0.763671875
2 0.900390625 0.5732421875 0.146484375 0.8349609375
2 0.353515625 0.58203125 0.1298828125 0.8349609375
2 0.2841796875 0.62109375 0.1162109375 0.7578125
2 0.970703125 0.5546875 0.05859375 0.4560546875
0 0.771484375 0.236328125 0.0625 0.0703125
0 0.5546875 0.234375 0.08203125 0.078125
0 0.369140625 0.2041015625 0.0859375 0.078125
0 0.869140625 0.197265625 0.0703125 0.087890625
0 0.3046875 0.275390625 0.0615234375 0.064453125
0 0.076171875 0.2939453125 0.07421875 0.072265625
0 0.9609375 0.3486328125 0.0322265625 0.0400390625