4 0.1259765625 0.4453125 0.0458984375 0.138671875
3 0.376953125 0.4599609375 0.056640625 0.14453125
3 0.1875 0.466796875 0.0654296875 0.1474609375
3 0.470703125 0.4736328125 0.0615234375 0.1328125
2 0.2138671875 0.5068359375 0.1220703125 0.33203125
2 0.4716796875 0.529296875 0.072265625 0.3818359375
2 0.3779296875 0.505859375 0.072265625 0.3671875
2 0.12109375 0.50390625 0.0615234375 0.3818359375
2 0.6630859375 0.345703125 0.109375 0.3955078125
2 0.0185546875 0.818359375 0.0361328125 0.3466796875
3 0.6669921875 0.2705078125 0.0927734375 0.1396484375
0 0.4619140625 0.3583984375 0.0322265625 0.0400390625
0 0.37109375 0.341796875 0.03125 0.03515625
0 0.1826171875 0.3623046875 0.0341796875 0.0400390625
0 0.12890625 0.3388671875 0.0400390625 0.0478515625