4 0.2470703125 0.4130859375 0.083984375 0.2490234375
4 0.466796875 0.4638671875 0.1201171875 0.2666015625
2 0.275390625 0.5625 0.208984375 0.7568359375
2 0.8388671875 0.6806640625 0.1728515625 0.630859375
2 0.4736328125 0.599609375 0.146484375 0.7333984375
2 0.345703125 0.48828125 0.095703125 0.4677734375
2 0.57421875 0.5849609375 0.1015625 0.572265625
2 0.64453125 0.5693359375 0.0751953125 0.46484375
3 0.8427734375 0.62890625 0.1298828125 0.2685546875
3 0.6416015625 0.4951171875 0.0634765625 0.1865234375
3 0.5732421875 0.4912109375 0.068359375 0.21875
3 0.3427734375 0.3955078125 0.076171875 0.1650390625
1 0.859375 0.4345703125 0.0576171875 0.1259765625
1 0.6435546875 0.3662109375 0.03515625 0.0634765625
1 0.5849609375 0.337890625 0.041015625 0.0771484375
1 0.46875 0.27734375 0.0556640625 0.1005859375
1 0.24609375 0.2353515625 0.052734375 0.1044921875
1 0.3427734375 0.283203125 0.025390625 0.0673828125