4 0.357421875 0.240234375 0.3876953125 0.3046875
4 0.55078125 0.3740234375 0.359375 0.310546875
4 0.783203125 0.4892578125 0.4248046875 0.3330078125
2 0.7734375 0.611328125 0.416015625 0.7431640625
2 0.275390625 0.37890625 0.5146484375 0.7490234375
2 0.5126953125 0.490234375 0.453125 0.7431640625
2 0.8916015625 0.4853515625 0.216796875 0.828125
3 0.838636734375 0.308028056640625 0.88956734765625 0.33700200390625 0.961942857421875 0.363342685546875 0.9959183671875 0.372563126953125 0.99399591796875 0.179947896484375 0.88688571484375 0.2053006015625 0.801110203125 0.22768937890625 0.80915101953125 0.24085971875 0.838636734375 0.308028056640625
1 0.8955078125 0.1318359375 0.2080078125 0.1318359375
1 0.7333984375 0.291015625 0.216796875 0.1103515625
0 0.5888671875 0.15234375 0.2548828125 0.0615234375
1 0.3671875 0.0498046875 0.208984375 0.087890625