3 0.146484375 0.416015625 0.09375 0.162109375
3 0.2275390625 0.44140625 0.1015625 0.197265625
3 0.4228515625 0.4423828125 0.0751953125 0.1396484375
3 0.3271484375 0.455078125 0.087890625 0.150390625
3 0.5859375 0.46875 0.0712890625 0.1376953125
3 0.71875 0.4765625 0.080078125 0.197265625
3 0.650390625 0.48046875 0.0517578125 0.1298828125
3 0.4853515625 0.4921875 0.103515625 0.169921875
3 0.8916015625 0.4990234375 0.046875 0.072265625
3 0.7900390625 0.51171875 0.0830078125 0.1875
2 0.1337890625 0.513671875 0.115234375 0.5126953125
2 0.482421875 0.580078125 0.11328125 0.5078125
2 0.7763671875 0.58203125 0.10546875 0.5126953125
2 0.2412109375 0.55859375 0.1318359375 0.58984375
2 0.712890625 0.5625 0.0966796875 0.5126953125
2 0.328125 0.55078125 0.0947265625 0.4921875
2 0.6435546875 0.54296875 0.091796875 0.39453125
2 0.4228515625 0.513671875 0.078125 0.39453125
2 0.890625 0.5390625 0.0615234375 0.224609375
2 0.580078125 0.5634765625 0.0751953125 0.447265625
0 0.2373046875 0.298828125 0.0625 0.0625
0 0.14453125 0.2822265625 0.0419921875 0.0458984375
1 0.6513671875 0.3623046875 0.033203125 0.0322265625
1 0.486328125 0.369140625 0.044921875 0.087890625
1 0.3271484375 0.345703125 0.0380859375 0.0732421875
1 0.58203125 0.369140625 0.03515625 0.0498046875
1 0.431640625 0.33203125 0.029296875 0.03125
1 0.89453125 0.4453125 0.0322265625 0.0400390625
1 0.7099609375 0.34765625 0.0439453125 0.080078125