3 0.3232421875 0.33984375 0.259765625 0.3427734375
4 0.775390625 0.412109375 0.2001953125 0.3056640625
4 0.169921875 0.46484375 0.1240234375 0.2294921875
2 0.7607421875 0.490234375 0.2431640625 0.7255859375
2 0.328125 0.451171875 0.3173828125 0.896484375
2 0.146484375 0.5009765625 0.109375 0.5234375
2 0.91015625 0.6025390625 0.0419921875 0.0595703125
2 0.4599609375 0.544921875 0.01953125 0.06640625
0 0.77734375 0.18359375 0.072265625 0.103515625
0 0.3173828125 0.078125 0.0908203125 0.1533203125
0 0.154296875 0.2744140625 0.080078125 0.0791015625