4 0.31640625 0.3427734375 0.05078125 0.140625
4 0.3974609375 0.3662109375 0.064453125 0.1455078125
2 0.48828125 0.44921875 0.0751953125 0.296875
2 0.228515625 0.404296875 0.0478515625 0.2919921875
2 0.400390625 0.4404296875 0.080078125 0.390625
2 0.32421875 0.421875 0.068359375 0.4013671875
2 0.4384765625 0.373046875 0.0517578125 0.2861328125
1 0.4365234375 0.2490234375 0.015625 0.0380859375
1 0.4775390625 0.32421875 0.0263671875 0.048828125
1 0.3935546875 0.2646484375 0.0302734375 0.048828125
1 0.3271484375 0.2509765625 0.033203125 0.0576171875
1 0.220703125 0.2822265625 0.0244140625 0.0400390625
3 0.2294921875 0.365234375 0.037109375 0.1083984375
3 0.4833984375 0.40234375 0.052734375 0.12109375