4 0.5634765625 0.390625 0.080078125 0.2744140625
4 0.33203125 0.396484375 0.08984375 0.3310546875
4 0.2158203125 0.4111328125 0.103515625 0.3251953125
4 0.12109375 0.4326171875 0.1318359375 0.3193359375
4 0.6796875 0.4423828125 0.087890625 0.2841796875
4 0.4736328125 0.4443359375 0.10546875 0.3251953125
2 0.1171875 0.5615234375 0.1328125 0.8369140625
2 0.673828125 0.53515625 0.123046875 0.705078125
2 0.326171875 0.5390625 0.12890625 0.8134765625
2 0.474609375 0.5341796875 0.119140625 0.7666015625
2 0.5546875 0.509765625 0.1103515625 0.748046875
2 0.208984375 0.5234375 0.1171875 0.8154296875
2 0.39453125 0.5126953125 0.0859375 0.7744140625
2 0.5146484375 0.212890625 0.048828125 0.158203125
2 0.431640625 0.185546875 0.0517578125 0.20703125
2 0.2578125 0.2529296875 0.060546875 0.2666015625
0 0.6728515625 0.2158203125 0.044921875 0.0576171875
0 0.556640625 0.171875 0.0400390625 0.0693359375
0 0.5166015625 0.162109375 0.033203125 0.0576171875
0 0.4296875 0.1142578125 0.044921875 0.056640625
0 0.470703125 0.1875 0.0439453125 0.068359375
0 0.3857421875 0.1552734375 0.048828125 0.060546875
0 0.326171875 0.1689453125 0.044921875 0.068359375
0 0.255859375 0.15234375 0.0380859375 0.0546875
0 0.203125 0.1552734375 0.052734375 0.0693359375
0 0.12109375 0.17578125 0.052734375 0.0673828125