3 0.1640625 0.619140625 0.1748046875 0.369140625
3 0.333984375 0.69921875 0.142578125 0.2861328125
3 0.560546875 0.7392578125 0.189453125 0.2841796875
3 0.7919921875 0.5693359375 0.2001953125 0.341796875
2 0.7744140625 0.564453125 0.1982421875 0.5517578125
2 0.341796875 0.6708984375 0.197265625 0.458984375
2 0.5439453125 0.6904296875 0.244140625 0.470703125
2 0.1767578125 0.6025390625 0.2001953125 0.513671875
1 0.8076171875 0.3701171875 0.1025390625 0.16015625
1 0.328125 0.51171875 0.083984375 0.1328125
1 0.216796875 0.419921875 0.107421875 0.1552734375
1 0.564453125 0.529296875 0.0986328125 0.1396484375