3 0.2470703125 0.7705078125 0.494140625 0.458984375
3 0.7666015625 0.59765625 0.466796875 0.8046875
3 0.27734375 0.38671875 0.2080078125 0.2080078125
3 0.3779296875 0.3076171875 0.099609375 0.177734375
3 0.37890625 0.17578125 0.0888671875 0.076171875
2 0.2421875 0.681640625 0.482421875 0.634765625
2 0.7548828125 0.4990234375 0.4873046875 0.998046875
2 0.4853515625 0.267578125 0.142578125 0.3671875
2 0.2412109375 0.380859375 0.2626953125 0.359375
2 0.341796875 0.3046875 0.1328125 0.2841796875
2 0.375 0.1787109375 0.0810546875 0.1767578125
3 0.4892578125 0.244140625 0.1142578125 0.1767578125
1 0.119140625 0.59375 0.2314453125 0.4501953125
1 0.19921875 0.25390625 0.0693359375 0.1015625
1 0.4580078125 0.1220703125 0.05078125 0.0703125
1 0.361328125 0.119140625 0.0341796875 0.056640625
1 0.30859375 0.21484375 0.0625 0.1005859375