3 0.58203125 0.580078125 0.1064453125 0.208984375
3 0.4375 0.6064453125 0.10546875 0.2158203125
3 0.2548828125 0.5322265625 0.0888671875 0.2529296875
3 0.32421875 0.541015625 0.0830078125 0.216796875
3 0.7333984375 0.55859375 0.109375 0.224609375
2 0.724609375 0.630859375 0.166015625 0.5380859375
2 0.5791015625 0.638671875 0.115234375 0.509765625
2 0.25390625 0.61328125 0.0869140625 0.5830078125
2 0.3203125 0.615234375 0.080078125 0.521484375
2 0.4423828125 0.6611328125 0.12109375 0.47265625
1 0.740234375 0.39453125 0.0517578125 0.076171875
1 0.58984375 0.4228515625 0.0458984375 0.072265625
1 0.32421875 0.3896484375 0.048828125 0.0615234375
0 0.2646484375 0.3486328125 0.060546875 0.0615234375
0 0.4130859375 0.4560546875 0.056640625 0.0693359375