4 0.4990234375 0.40234375 0.056640625 0.142578125
2 0.3037109375 0.548828125 0.1015625 0.58984375
2 0.2119140625 0.5185546875 0.0888671875 0.5400390625
2 0.4931640625 0.44921875 0.068359375 0.3525390625
2 0.5859375 0.4736328125 0.060546875 0.3623046875
3 0.30859375 0.4599609375 0.07421875 0.189453125
3 0.58984375 0.4130859375 0.0380859375 0.1181640625
3 0.216796875 0.455078125 0.0703125 0.1796875
1 0.58203125 0.3193359375 0.02734375 0.0556640625
1 0.50390625 0.2998046875 0.025390625 0.0498046875
1 0.30078125 0.3056640625 0.044921875 0.1025390625
1 0.2080078125 0.30859375 0.0361328125 0.083984375