3 0.7763671875 0.4345703125 0.09375 0.2294921875
3 0.5537109375 0.453125 0.1025390625 0.2607421875
3 0.8955078125 0.455078125 0.1162109375 0.3076171875
3 0.3583984375 0.4765625 0.1005859375 0.3203125
3 0.0751953125 0.5390625 0.08984375 0.2822265625
2 0.5849609375 0.5966796875 0.1923828125 0.7978515625
2 0.06640625 0.626953125 0.1298828125 0.7451171875
2 0.7890625 0.583984375 0.138671875 0.763671875
2 0.900390625 0.5732421875 0.146484375 0.8349609375
2 0.353515625 0.58203125 0.1298828125 0.8349609375
2 0.2841796875 0.62109375 0.1162109375 0.7578125
2 0.970703125 0.5546875 0.05859375 0.4560546875
3 0.275390625 0.5078125 0.0654296875 0.2744140625
0 0.8681640625 0.2001953125 0.0732421875 0.08203125
0 0.76953125 0.2353515625 0.0615234375 0.0712890625
0 0.5537109375 0.23828125 0.0751953125 0.0791015625
0 0.3720703125 0.2060546875 0.087890625 0.08203125
0 0.3046875 0.2841796875 0.06640625 0.0712890625
0 0.076171875 0.3017578125 0.076171875 0.08203125