4 0.576171875 0.3955078125 0.1279296875 0.2236328125
4 0.322265625 0.3173828125 0.1513671875 0.306640625
4 0.7373046875 0.4765625 0.1064453125 0.2578125
4 0.4609375 0.3525390625 0.0810546875 0.2216796875
2 0.763671875 0.5576171875 0.240234375 0.6591796875
2 0.5654296875 0.470703125 0.1796875 0.6376953125
2 0.318359375 0.515625 0.236328125 0.9345703125
2 0.4560546875 0.474609375 0.1455078125 0.7001953125
1 0.3583984375 0.1240234375 0.08203125 0.14453125
1 0.44140625 0.189453125 0.08203125 0.1220703125
1 0.705078125 0.2880859375 0.0712890625 0.1142578125
1 0.5947265625 0.2080078125 0.060546875 0.1142578125
2 0.658203125 0.28125 0.0791015625 0.197265625
1 0.6494140625 0.21875 0.0517578125 0.0810546875