4 0.3779296875 0.60546875 0.0908203125 0.1552734375
4 0.55078125 0.61328125 0.0947265625 0.111328125
4 0.65234375 0.6181640625 0.0908203125 0.1396484375
4 0.28515625 0.6494140625 0.1005859375 0.17578125
4 0.4677734375 0.6611328125 0.07421875 0.150390625
2 0.28515625 0.7197265625 0.103515625 0.474609375
2 0.65625 0.6982421875 0.123046875 0.4169921875
2 0.3759765625 0.6943359375 0.111328125 0.474609375
2 0.55859375 0.6982421875 0.119140625 0.4296875
2 0.4755859375 0.7216796875 0.0947265625 0.4130859375
0 0.650390625 0.509765625 0.0390625 0.0380859375
0 0.5498046875 0.5 0.0390625 0.0380859375
0 0.47265625 0.537109375 0.037109375 0.0439453125
0 0.3828125 0.4765625 0.0419921875 0.037109375
0 0.2900390625 0.509765625 0.0478515625 0.046875