4 0.080078125 0.333984375 0.1142578125 0.306640625
4 0.236328125 0.3466796875 0.0888671875 0.2392578125
4 0.3544921875 0.357421875 0.0830078125 0.1904296875
4 0.6025390625 0.359375 0.1044921875 0.240234375
4 0.466796875 0.427734375 0.09375 0.212890625
4 0.7431640625 0.501953125 0.1142578125 0.283203125
2 0.228515625 0.412109375 0.1357421875 0.5517578125
2 0.0859375 0.4248046875 0.1376953125 0.736328125
2 0.732421875 0.564453125 0.154296875 0.626953125
2 0.4619140625 0.4697265625 0.123046875 0.4921875
2 0.3544921875 0.427734375 0.1015625 0.5029296875
2 0.5947265625 0.451171875 0.138671875 0.66015625
0 0.080078125 0.1025390625 0.0595703125 0.083984375
0 0.244140625 0.1787109375 0.044921875 0.0771484375
0 0.3564453125 0.2177734375 0.0419921875 0.0703125
0 0.474609375 0.2607421875 0.0400390625 0.0771484375
0 0.609375 0.1806640625 0.046875 0.1005859375
0 0.759765625 0.294921875 0.0498046875 0.076171875