4 0.4609375 0.333984375 0.0693359375 0.2294921875
2 0.6025390625 0.33203125 0.1064453125 0.470703125
2 0.4677734375 0.4501953125 0.0869140625 0.62109375
2 0.962890625 0.201171875 0.052734375 0.216796875
2 0.248046875 0.3857421875 0.0380859375 0.087890625
3 0.599609375 0.267578125 0.064453125 0.1640625
3 0.9638671875 0.1533203125 0.03515625 0.0517578125
3 0.244140625 0.3974609375 0.0283203125 0.0517578125
1 0.4609375 0.1884765625 0.0458984375 0.091796875
1 0.5947265625 0.15234375 0.041015625 0.09765625
1 0.2373046875 0.3525390625 0.015625 0.03515625
1 0.953125 0.11328125 0.01953125 0.0400390625