3 0.4638671875 0.5263671875 0.0634765625 0.13671875
3 0.646484375 0.5322265625 0.0546875 0.11328125
3 0.5634765625 0.537109375 0.0615234375 0.1201171875
3 0.337890625 0.5576171875 0.06640625 0.1328125
3 0.7177734375 0.587890625 0.0859375 0.185546875
2 0.482421875 0.58203125 0.1005859375 0.3720703125
2 0.337890625 0.623046875 0.0888671875 0.4013671875
2 0.568359375 0.615234375 0.09765625 0.41796875
2 0.716796875 0.6708984375 0.0947265625 0.564453125
2 0.65234375 0.6201171875 0.076171875 0.435546875
0 0.697265625 0.4287109375 0.052734375 0.0625
0 0.634765625 0.4248046875 0.0380859375 0.052734375
0 0.552734375 0.435546875 0.037109375 0.0498046875
0 0.4541015625 0.421875 0.0283203125 0.04296875
0 0.337890625 0.4462890625 0.041015625 0.044921875