4 0.412109375 0.501953125 0.115234375 0.2509765625
4 0.6728515625 0.486328125 0.068359375 0.173828125
2 0.4130859375 0.595703125 0.1181640625 0.611328125
2 0.322265625 0.6103515625 0.087890625 0.546875
2 0.1865234375 0.5888671875 0.060546875 0.24609375
2 0.6767578125 0.546875 0.087890625 0.431640625
2 0.0849609375 0.5537109375 0.029296875 0.1220703125
2 0.10546875 0.546875 0.025390625 0.1337890625
3 0.3193359375 0.51953125 0.0654296875 0.197265625
3 0.1826171875 0.544921875 0.0380859375 0.1044921875
3 0.1064453125 0.517578125 0.017578125 0.0458984375
3 0.08203125 0.5224609375 0.0166015625 0.0361328125
1 0.6591796875 0.3740234375 0.0380859375 0.076171875
1 0.3994140625 0.326171875 0.044921875 0.078125
1 0.3251953125 0.3740234375 0.04296875 0.0791015625
1 0.1826171875 0.486328125 0.0166015625 0.04296875
1 0.103515625 0.4853515625 0.009765625 0.021484375
1 0.0830078125 0.4970703125 0.0107421875 0.021484375