4 0.6904296875 0.4853515625 0.361328125 0.4716796875
2 0.66015625 0.51953125 0.4921875 0.9609375
2 0.0947265625 0.2919921875 0.1240234375 0.208984375
1 0.0927734375 0.2041015625 0.046875 0.0380859375
3 0.09375 0.30078125 0.109375 0.103515625
2 0.5185546875 0.3759765625 0.138671875 0.380859375
1 0.5244140625 0.220703125 0.0693359375 0.0673828125
3 0.517578125 0.302734375 0.099609375 0.0830078125
1 0.9873046875 0.21875 0.025390625 0.05078125
2 0.9482421875 0.3798828125 0.1005859375 0.4443359375
3 0.9541015625 0.3779296875 0.083984375 0.2216796875
0 0.6953125 0.0947265625 0.1845703125 0.107421875