4 0.5849609375 0.35546875 0.1123046875 0.2353515625
4 0.7578125 0.4326171875 0.1025390625 0.33984375
4 0.8984375 0.3876953125 0.15625 0.40234375
4 0.2802734375 0.3720703125 0.1328125 0.2880859375
4 0.193359375 0.4189453125 0.1630859375 0.37890625
2 0.8828125 0.498046875 0.1943359375 0.98828125
2 0.57421875 0.4560546875 0.1650390625 0.591796875
2 0.2939453125 0.4521484375 0.1533203125 0.66015625
2 0.7421875 0.5419921875 0.1328125 0.8369140625
2 0.19921875 0.5263671875 0.17578125 0.90234375
0 0.7373046875 0.1708984375 0.08984375 0.087890625
0 0.1826171875 0.1298828125 0.1123046875 0.0986328125
0 0.8916015625 0.064453125 0.1376953125 0.12109375
0 0.5966796875 0.19140625 0.0498046875 0.0546875
0 0.2734375 0.1630859375 0.0830078125 0.0771484375