3 0.103515625 0.5 0.072265625 0.2060546875
3 0.3212890625 0.5029296875 0.06640625 0.1640625
3 0.822265625 0.58984375 0.263671875 0.283203125
2 0.814453125 0.6611328125 0.3115234375 0.6630859375
2 0.107421875 0.5673828125 0.099609375 0.5166015625
2 0.3173828125 0.556640625 0.1298828125 0.4033203125
2 0.3876953125 0.533203125 0.068359375 0.2451171875
2 0.9267578125 0.4951171875 0.0595703125 0.1787109375
3 0.38671875 0.490234375 0.052734375 0.0947265625
3 0.931640625 0.5 0.0458984375 0.1005859375
0 0.701171875 0.3994140625 0.087890625 0.1455078125
0 0.9150390625 0.4306640625 0.0380859375 0.046875
0 0.3388671875 0.37890625 0.0400390625 0.0625
0 0.4033203125 0.435546875 0.03125 0.0419921875
0 0.123046875 0.3447265625 0.0595703125 0.064453125