4 0.7158203125 0.5048828125 0.0732421875 0.1953125
4 0.345703125 0.5537109375 0.080078125 0.2265625
4 0.5888671875 0.5576171875 0.0595703125 0.15625
4 0.9453125 0.626953125 0.1064453125 0.3017578125
4 0.470703125 0.6279296875 0.1435546875 0.3984375
2 0.9306640625 0.65234375 0.1376953125 0.578125
2 0.482421875 0.6279296875 0.2109375 0.740234375
2 0.3447265625 0.6201171875 0.107421875 0.525390625
2 0.7177734375 0.5771484375 0.1123046875 0.4951171875
2 0.5927734375 0.5908203125 0.0673828125 0.3671875
0 0.486328125 0.3388671875 0.0732421875 0.15234375
0 0.71875 0.3544921875 0.033203125 0.0478515625
0 0.95703125 0.392578125 0.05859375 0.0556640625
0 0.587890625 0.4306640625 0.029296875 0.0341796875
0 0.34375 0.3955078125 0.041015625 0.064453125