4 0.46484375 0.587890625 0.119140625 0.203125
4 0.73046875 0.5849609375 0.1005859375 0.19140625
2 0.46875 0.6552734375 0.115234375 0.4677734375
2 0.31640625 0.6474609375 0.08203125 0.4248046875
2 0.595703125 0.666015625 0.1064453125 0.443359375
2 0.73046875 0.607421875 0.1103515625 0.380859375
3 0.595703125 0.6064453125 0.08984375 0.1474609375
3 0.3134765625 0.5703125 0.0693359375 0.1494140625
1 0.3095703125 0.466796875 0.037109375 0.0634765625
1 0.462890625 0.45703125 0.033203125 0.0595703125
1 0.6123046875 0.4833984375 0.033203125 0.0859375
1 0.75390625 0.4580078125 0.0302734375 0.08203125