4 0.396484375 0.544921875 0.111328125 0.4189453125
4 0.5556640625 0.5849609375 0.1142578125 0.2734375
4 0.919921875 0.595703125 0.142578125 0.3076171875
4 0.2060546875 0.603515625 0.1845703125 0.650390625
4 0.7119140625 0.6806640625 0.1328125 0.3095703125
2 0.7138671875 0.6923828125 0.166015625 0.6142578125
2 0.908203125 0.6328125 0.1826171875 0.732421875
2 0.21875 0.521484375 0.21875 0.9560546875
2 0.5390625 0.654296875 0.154296875 0.689453125
2 0.388671875 0.599609375 0.1689453125 0.796875
0 0.2421875 0.1103515625 0.13671875 0.12890625
0 0.580078125 0.376953125 0.0595703125 0.12109375
0 0.4306640625 0.2705078125 0.0673828125 0.1279296875
0 0.73828125 0.4326171875 0.0595703125 0.0947265625
0 0.9453125 0.3154296875 0.064453125 0.087890625