4 0.353515625 0.4384765625 0.0703125 0.216796875
2 0.44921875 0.513671875 0.130859375 0.6904296875
2 0.93359375 0.6728515625 0.12890625 0.5126953125
2 0.1396484375 0.55078125 0.0966796875 0.4892578125
2 0.849609375 0.7255859375 0.076171875 0.341796875
2 0.3466796875 0.53515625 0.091796875 0.548828125
1 0.92578125 0.46484375 0.048828125 0.0703125
1 0.8388671875 0.583984375 0.03515625 0.0546875
1 0.447265625 0.205078125 0.041015625 0.07421875
1 0.3447265625 0.298828125 0.046875 0.0673828125
1 0.1298828125 0.33984375 0.04296875 0.0703125
3 0.1318359375 0.4990234375 0.0751953125 0.220703125
3 0.4365234375 0.3642578125 0.080078125 0.185546875
3 0.9306640625 0.609375 0.0966796875 0.1865234375
3 0.8447265625 0.6650390625 0.0546875 0.1171875