4 0.5185546875 0.435546875 0.1689453125 0.3203125
4 0.662109375 0.384765625 0.091796875 0.275390625
4 0.7998046875 0.392578125 0.1435546875 0.2763671875
4 0.2548828125 0.373046875 0.181640625 0.2421875
2 0.7705078125 0.482421875 0.205078125 0.7080078125
2 0.5263671875 0.541015625 0.3544921875 0.810546875
2 0.630859375 0.45703125 0.173828125 0.6611328125
2 0.0908203125 0.2744140625 0.041015625 0.0888671875
1 0.0908203125 0.240234375 0.0146484375 0.0107421875
3 0.08984375 0.263671875 0.0302734375 0.02734375
1 0.7763671875 0.1982421875 0.1240234375 0.138671875
1 0.6220703125 0.1982421875 0.1328125 0.1455078125
1 0.51171875 0.2265625 0.130859375 0.1650390625
2 0.298828125 0.5068359375 0.310546875 0.779296875
1 0.3798828125 0.1962890625 0.146484375 0.154296875