4 0.498046875 0.3134765625 0.0537109375 0.072265625
3 0.4189453125 0.3310546875 0.05859375 0.1435546875
3 0.3330078125 0.498046875 0.0810546875 0.177734375
3 0.5859375 0.53515625 0.0625 0.1884765625
3 0.23046875 0.552734375 0.06640625 0.13671875
3 0.11328125 0.6884765625 0.072265625 0.1318359375
3 0.8828125 0.71484375 0.0830078125 0.1162109375
3 0.7421875 0.75 0.076171875 0.140625
3 0.4365234375 0.7509765625 0.0732421875 0.1064453125
2 0.591796875 0.58984375 0.0830078125 0.4248046875
2 0.8623046875 0.736328125 0.1416015625 0.2138671875
2 0.21484375 0.611328125 0.0888671875 0.3408203125
2 0.1103515625 0.6943359375 0.087890625 0.2314453125
2 0.4931640625 0.375 0.0771484375 0.197265625
2 0.4638671875 0.7890625 0.12890625 0.1884765625
2 0.4169921875 0.380859375 0.07421875 0.3701171875
2 0.328125 0.5439453125 0.06640625 0.3681640625
2 0.7529296875 0.7421875 0.09765625 0.234375
2 0.626953125 0.3798828125 0.068359375 0.2431640625
3 0.626953125 0.40234375 0.0400390625 0.1533203125
2 0.06640625 0.5830078125 0.099609375 0.177734375
3 0.0625 0.609375 0.072265625 0.1103515625
0 0.0888671875 0.5224609375 0.0380859375 0.048828125
0 0.4912109375 0.732421875 0.03515625 0.0654296875
0 0.5947265625 0.4033203125 0.0341796875 0.0537109375
0 0.6123046875 0.2783203125 0.03515625 0.0478515625
0 0.4091796875 0.2138671875 0.0302734375 0.033203125
0 0.3359375 0.3828125 0.03515625 0.0458984375
0 0.8193359375 0.6611328125 0.0380859375 0.0712890625
0 0.7646484375 0.646484375 0.0361328125 0.0458984375