3 0.55859375 0.4365234375 0.12109375 0.2099609375
3 0.4365234375 0.4453125 0.109375 0.1767578125
3 0.216796875 0.4453125 0.1025390625 0.2158203125
3 0.3349609375 0.4462890625 0.115234375 0.1904296875
3 0.6875 0.45703125 0.1083984375 0.259765625
3 0.7705078125 0.5078125 0.1015625 0.2177734375
2 0.5625 0.556640625 0.1337890625 0.6015625
2 0.224609375 0.61328125 0.1162109375 0.7177734375
2 0.6904296875 0.5693359375 0.109375 0.640625
2 0.3369140625 0.5712890625 0.1123046875 0.609375
2 0.755859375 0.6455078125 0.1904296875 0.65234375
2 0.4306640625 0.5625 0.1220703125 0.5693359375
1 0.7666015625 0.3505859375 0.0537109375 0.064453125
1 0.22265625 0.2861328125 0.0537109375 0.0654296875
1 0.33984375 0.3076171875 0.0556640625 0.0791015625
1 0.6884765625 0.29296875 0.05859375 0.091796875
1 0.56640625 0.296875 0.05078125 0.0751953125
1 0.4267578125 0.3212890625 0.0498046875 0.0947265625