4 0.716796875 0.384765625 0.083984375 0.2724609375
4 0.830078125 0.4306640625 0.0869140625 0.271484375
4 0.5654296875 0.435546875 0.09375 0.28515625
4 0.2802734375 0.4501953125 0.1162109375 0.2802734375
4 0.1142578125 0.4560546875 0.0947265625 0.216796875
2 0.552734375 0.5634765625 0.166015625 0.7646484375
2 0.833984375 0.552734375 0.1884765625 0.7587890625
2 0.294921875 0.580078125 0.17578125 0.765625
2 0.109375 0.58203125 0.19140625 0.7109375
2 0.890625 0.69921875 0.1435546875 0.419921875
2 0.7138671875 0.5185546875 0.130859375 0.755859375
1 0.8564453125 0.2314453125 0.0576171875 0.1220703125
1 0.734375 0.1953125 0.0576171875 0.1015625
1 0.56640625 0.2373046875 0.0498046875 0.1201171875
1 0.28125 0.2431640625 0.044921875 0.1005859375
1 0.078125 0.287109375 0.0673828125 0.119140625
1 0.9326171875 0.5439453125 0.0595703125 0.09765625