3 0.3603515625 0.53515625 0.0263671875 0.0576171875
3 0.455078125 0.5390625 0.0205078125 0.056640625
2 0.359375 0.5458984375 0.03125 0.125
2 0.07421875 0.5166015625 0.0439453125 0.1455078125
2 0.4541015625 0.5478515625 0.021484375 0.1103515625
2 0.494140625 0.525390625 0.021484375 0.0908203125
2 0.521484375 0.525390625 0.03515625 0.1005859375
3 0.07421875 0.49609375 0.0322265625 0.056640625
3 0.52734375 0.5263671875 0.0146484375 0.044921875
3 0.4931640625 0.5078125 0.0146484375 0.0302734375
0 0.0771484375 0.451171875 0.015625 0.01171875
0 0.361328125 0.490234375 0.0146484375 0.01171875
0 0.4501953125 0.498046875 0.013671875 0.01171875
0 0.4931640625 0.484375 0.0107421875 0.01171875