4 0.193359375 0.3916015625 0.0556640625 0.15234375
2 0.130859375 0.5595703125 0.107421875 0.58203125
2 0.03125 0.568359375 0.0615234375 0.5537109375
2 0.212890625 0.44140625 0.0908203125 0.35546875
2 0.31640625 0.431640625 0.0537109375 0.341796875
3 0.1396484375 0.494140625 0.0810546875 0.236328125
3 0.3134765625 0.3759765625 0.037109375 0.095703125
3 0.0302734375 0.494140625 0.060546875 0.19921875
1 0.3017578125 0.2919921875 0.0234375 0.0595703125
1 0.205078125 0.291015625 0.0283203125 0.052734375
1 0.126953125 0.3203125 0.048828125 0.10546875
1 0.017578125 0.3330078125 0.03515625 0.083984375