4 0.3642578125 0.4765625 0.0859375 0.216796875
2 0.361328125 0.5947265625 0.115234375 0.6669921875
2 0.48828125 0.6337890625 0.0947265625 0.7177734375
2 0.625 0.669921875 0.1396484375 0.65234375
2 0.15234375 0.6513671875 0.1259765625 0.6875
2 0.708984375 0.46484375 0.046875 0.31640625
2 0.26171875 0.353515625 0.033203125 0.16015625
2 0.208984375 0.5 0.052734375 0.322265625
2 0.3408203125 0.330078125 0.0234375 0.107421875
2 0.189453125 0.345703125 0.029296875 0.150390625
2 0.23828125 0.3759765625 0.01953125 0.109375
3 0.1552734375 0.5419921875 0.103515625 0.255859375
3 0.501953125 0.544921875 0.0986328125 0.296875
3 0.630859375 0.611328125 0.09765625 0.408203125
3 0.7099609375 0.4091796875 0.0380859375 0.123046875
3 0.1884765625 0.33203125 0.01953125 0.0712890625
3 0.2646484375 0.33203125 0.01953125 0.052734375
3 0.2373046875 0.359375 0.013671875 0.0400390625
3 0.341796875 0.328125 0.0185546875 0.0576171875
3 0.2099609375 0.447265625 0.0458984375 0.1201171875
1 0.703125 0.3369140625 0.0234375 0.0546875
1 0.634765625 0.4111328125 0.0673828125 0.12890625
1 0.4921875 0.337890625 0.056640625 0.1201171875
1 0.3759765625 0.318359375 0.044921875 0.1103515625
1 0.3427734375 0.283203125 0.01171875 0.029296875
1 0.126953125 0.3759765625 0.0654296875 0.134765625
1 0.216796875 0.369140625 0.02734375 0.056640625
1 0.2607421875 0.2939453125 0.015625 0.0322265625
1 0.1884765625 0.283203125 0.013671875 0.0244140625
1 0.236328125 0.3310546875 0.01171875 0.0185546875