4 0.744140625 0.5517578125 0.0859375 0.2509765625
4 0.9375 0.556640625 0.0771484375 0.267578125
2 0.7734375 0.6572265625 0.181640625 0.677734375
2 0.0830078125 0.5751953125 0.119140625 0.5859375
2 0.9306640625 0.6630859375 0.138671875 0.6640625
2 0.25390625 0.5654296875 0.0703125 0.3984375
2 0.544921875 0.6640625 0.1357421875 0.568359375
2 0.029296875 0.6787109375 0.046875 0.3017578125
3 0.03515625 0.6708984375 0.0263671875 0.1328125
3 0.0869140625 0.4658203125 0.0810546875 0.1875
3 0.2548828125 0.5107421875 0.0537109375 0.15234375
3 0.5380859375 0.595703125 0.0732421875 0.2900390625
1 0.9267578125 0.3828125 0.0556640625 0.0966796875
1 0.71875 0.380859375 0.056640625 0.1259765625
1 0.53515625 0.4267578125 0.04296875 0.0888671875
1 0.2431640625 0.3984375 0.037109375 0.0703125
1 0.080078125 0.33203125 0.041015625 0.095703125
1 0.0361328125 0.5634765625 0.0322265625 0.0634765625