3 0.8564453125 0.615234375 0.2421875 0.58203125
3 0.11328125 0.626953125 0.2265625 0.6328125
2 0.77734375 0.5009765625 0.4453125 0.9775390625
2 0.4296875 0.609375 0.36328125 0.7587890625
2 0.2734375 0.4970703125 0.5458984375 0.9814453125
2 0.6455078125 0.6318359375 0.201171875 0.7138671875
3 0.3515625 0.708984375 0.1962890625 0.5185546875
3 0.6455078125 0.67578125 0.1708984375 0.53515625
0 0.826171875 0.1240234375 0.1943359375 0.2255859375
0 0.61328125 0.3310546875 0.08984375 0.1220703125
0 0.3505859375 0.314453125 0.1689453125 0.1708984375
0 0.1435546875 0.1328125 0.287109375 0.2470703125