3 0.4326171875 0.6015625 0.1025390625 0.205078125
3 0.2529296875 0.5185546875 0.095703125 0.2197265625
3 0.3193359375 0.5341796875 0.0830078125 0.2294921875
3 0.7275390625 0.5654296875 0.15625 0.259765625
3 0.58203125 0.5712890625 0.1123046875 0.2119140625
2 0.724609375 0.630859375 0.166015625 0.5380859375
2 0.5791015625 0.638671875 0.115234375 0.509765625
2 0.25390625 0.6123046875 0.0869140625 0.583984375
2 0.3203125 0.615234375 0.080078125 0.521484375
2 0.4423828125 0.6611328125 0.12109375 0.47265625
1 0.744140625 0.404296875 0.052734375 0.072265625
1 0.5859375 0.42578125 0.046875 0.08984375
0 0.2646484375 0.37109375 0.060546875 0.0908203125
0 0.416015625 0.462890625 0.0546875 0.0771484375
1 0.3203125 0.3955078125 0.05078125 0.0810546875