4 0.169921875 0.5068359375 0.212890625 0.3720703125
4 0.64453125 0.5615234375 0.1796875 0.3564453125
2 0.1689453125 0.5390625 0.201171875 0.728515625
2 0.6845703125 0.5712890625 0.248046875 0.6630859375
2 0.333984375 0.5087890625 0.0341796875 0.0986328125
2 0.423828125 0.5146484375 0.03125 0.0966796875
4 0.4228515625 0.5009765625 0.0224609375 0.046875
4 0.3330078125 0.5048828125 0.025390625 0.0458984375
0 0.62890625 0.283203125 0.0869140625 0.080078125
0 0.2041015625 0.2216796875 0.1005859375 0.0908203125
0 0.3310546875 0.46875 0.015625 0.0166015625
0 0.41796875 0.47265625 0.01171875 0.0107421875