4 0.80078125 0.572265625 0.0419921875 0.0908203125
4 0.5361328125 0.58984375 0.052734375 0.091796875
4 0.2685546875 0.59375 0.0556640625 0.0634765625
4 0.4072265625 0.59765625 0.0546875 0.091796875
2 0.4091796875 0.63671875 0.0654296875 0.2451171875
2 0.2685546875 0.6416015625 0.0576171875 0.2314453125
2 0.796875 0.5986328125 0.0439453125 0.2158203125
2 0.544921875 0.625 0.0810546875 0.2080078125
0 0.7900390625 0.501953125 0.0263671875 0.0244140625
0 0.552734375 0.5283203125 0.0244140625 0.029296875
0 0.388671875 0.5263671875 0.021484375 0.03125
0 0.2529296875 0.5419921875 0.025390625 0.0361328125