3 0.3203125 0.544921875 0.037109375 0.0986328125
3 0.470703125 0.5927734375 0.0458984375 0.1474609375
3 0.654296875 0.64453125 0.0703125 0.2001953125
3 0.7744140625 0.7255859375 0.123046875 0.2958984375
2 0.7666015625 0.681640625 0.1875 0.625
2 0.64453125 0.73046875 0.09765625 0.5
2 0.4716796875 0.65234375 0.0830078125 0.384765625
2 0.328125 0.6064453125 0.083984375 0.3037109375
0 0.787109375 0.427734375 0.1025390625 0.107421875
1 0.6552734375 0.5126953125 0.0361328125 0.078125
0 0.4716796875 0.4814453125 0.0302734375 0.0400390625
1 0.31640625 0.4775390625 0.025390625 0.04296875