4 0.40625 0.4052734375 0.07421875 0.31640625
4 0.5732421875 0.392578125 0.1025390625 0.25
2 0.544921875 0.4912109375 0.1572265625 0.6513671875
2 0.412109375 0.482421875 0.091796875 0.6982421875
2 0.638671875 0.5224609375 0.0380859375 0.12109375
2 0.4921875 0.515625 0.021484375 0.0849609375
2 0.8408203125 0.4287109375 0.0078125 0.0390625
3 0.6337890625 0.50390625 0.025390625 0.0419921875
3 0.4931640625 0.5224609375 0.0146484375 0.0341796875
3 0.841796875 0.4248046875 0.0068359375 0.0166015625
1 0.5439453125 0.2236328125 0.0537109375 0.11328125
1 0.4208984375 0.189453125 0.0537109375 0.0986328125
1 0.6494140625 0.4736328125 0.01171875 0.025390625
1 0.4951171875 0.498046875 0.009765625 0.0166015625
1 0.841796875 0.412109375 0.0029296875 0.005859375