4 0.39453125 0.568359375 0.115234375 0.22265625
3 0.8251953125 0.5791015625 0.125 0.2265625
4 0.7216796875 0.5849609375 0.1181640625 0.2158203125
4 0.607421875 0.583984375 0.103515625 0.205078125
3 0.4990234375 0.5927734375 0.126953125 0.2138671875
4 0.287109375 0.5947265625 0.1240234375 0.2353515625
4 0.1708984375 0.60546875 0.134765625 0.2353515625
2 0.1767578125 0.6953125 0.13671875 0.603515625
2 0.7216796875 0.6630859375 0.1103515625 0.56640625
2 0.830078125 0.66015625 0.1318359375 0.5625
2 0.50390625 0.6708984375 0.12890625 0.54296875
2 0.2880859375 0.6865234375 0.1240234375 0.5927734375
2 0.61328125 0.6728515625 0.1123046875 0.5380859375
2 0.3935546875 0.6708984375 0.1220703125 0.625
2 0.3525390625 0.40625 0.0732421875 0.1806640625
2 0.248046875 0.416015625 0.0751953125 0.1943359375
2 0.5390625 0.4248046875 0.0751953125 0.1806640625
0 0.1904296875 0.4189453125 0.0595703125 0.05078125
0 0.255859375 0.34375 0.048828125 0.046875
0 0.36328125 0.3408203125 0.0478515625 0.0458984375
0 0.3984375 0.38671875 0.0537109375 0.0498046875
0 0.4990234375 0.4169921875 0.048828125 0.046875
0 0.80078125 0.4091796875 0.05078125 0.0517578125
0 0.71484375 0.4052734375 0.0546875 0.0478515625
0 0.59765625 0.4267578125 0.0498046875 0.048828125
0 0.529296875 0.3583984375 0.046875 0.04296875
0 0.6455078125 0.388671875 0.048828125 0.0439453125
3 0.316484140625 0.46877995703125 0.32249248828125 0.487949890625 0.326499166015625 0.49230501171875 0.337181970703125 0.494919390625 0.344525876953125 0.487078431640625 0.357879798828125 0.47400871484375 0.36789482421875 0.457453158203125 0.375240400390625 0.45658169921875 0.387926544921875 0.44525272265625 0.38058096875 0.437411765625 0.38191652734375 0.41649891015625 0.37457262109375 0.408657951171875 0.352539232421875 0.402557734375 0.3405208671875 0.418241830078125 0.31915358984375 0.44002614453125 0.315148580078125 0.4478671015625 0.316484140625 0.46877995703125
3 0.526804673828125 0.4417690625 0.518125208984375 0.464422658203125 0.518125208984375 0.4827211328125 0.5381552578125 0.480978212890625 0.55818530859375 0.4766209140625 0.572874791015625 0.459196078125 0.574878130859375 0.426956427734375 0.544831384765625 0.406915033203125 0.539490818359375 0.41998475 0.534148580078125 0.429568626953125 0.526804673828125 0.4417690625
3 0.6509949921875 0.495790849609375 0.654332220703125 0.51408932421875 0.6583388984375 0.56288453125 0.66301335546875 0.58902396484375 0.67035726171875 0.602093681640625 0.67770116796875 0.578568626953125 0.674363939453125 0.52541612109375 0.67836894921875 0.487078431640625 0.69840066796875 0.47400871484375 0.68771786328125 0.457453158203125 0.662345576171875 0.44002614453125 0.6509949921875 0.454838779296875 0.644984974609375 0.469651416015625 0.632966611328125 0.44438344140625 0.63163105078125 0.449610021484375 0.622283806640625 0.450481482421875 0.61360433984375 0.477492375 0.628292154296875 0.487949890625 0.6509949921875 0.495790849609375
0 0.291015625 0.4365234375 0.0546875 0.0859375