4 0.85546875 0.2216796875 0.0458984375 0.095703125
4 0.4287109375 0.736328125 0.1298828125 0.2998046875
2 0.8515625 0.25390625 0.048828125 0.236328125
2 0.33203125 0.7236328125 0.3369140625 0.5419921875
2 0.8779296875 0.2041015625 0.0224609375 0.119140625
2 0.7705078125 0.1953125 0.03125 0.130859375
4 0.7734375 0.1796875 0.01953125 0.0439453125
4 0.876953125 0.1904296875 0.021484375 0.0537109375
0 0.380859375 0.5087890625 0.0751953125 0.0986328125
0 0.8583984375 0.15625 0.021484375 0.0380859375
0 0.77734375 0.146484375 0.01171875 0.025390625
0 0.87890625 0.15234375 0.01171875 0.017578125