4 0.2783203125 0.45703125 0.140625 0.3583984375
4 0.37890625 0.4892578125 0.091796875 0.275390625
4 0.498046875 0.4599609375 0.0576171875 0.2470703125
4 0.609375 0.3486328125 0.1689453125 0.3330078125
4 0.775390625 0.388671875 0.125 0.2333984375
2 0.611328125 0.5078125 0.2216796875 0.9765625
2 0.771484375 0.5615234375 0.15234375 0.869140625
2 0.27734375 0.5615234375 0.138671875 0.8642578125
2 0.37109375 0.611328125 0.107421875 0.7724609375
2 0.5009765625 0.5791015625 0.0791015625 0.7431640625
0 0.7626953125 0.1669921875 0.076171875 0.0830078125
0 0.6640625 0.0751953125 0.0888671875 0.109375
0 0.513671875 0.2451171875 0.0517578125 0.0712890625
0 0.384765625 0.2734375 0.078125 0.103515625
0 0.28125 0.177734375 0.0859375 0.0927734375