4 0.1953125 0.6640625 0.2734375 0.6279296875
4 0.4169921875 0.6328125 0.12109375 0.5302734375
4 0.5185546875 0.6953125 0.181640625 0.560546875
4 0.861328125 0.4775390625 0.078125 0.326171875
2 0.19140625 0.5205078125 0.279296875 0.9140625
2 0.515625 0.5205078125 0.251953125 0.9130859375
2 0.8798828125 0.568359375 0.125 0.8193359375
2 0.4130859375 0.560546875 0.1259765625 0.8232421875
0 0.85546875 0.2275390625 0.0498046875 0.1318359375
0 0.5126953125 0.1884765625 0.1103515625 0.232421875
0 0.4111328125 0.220703125 0.0703125 0.1416015625
0 0.1630859375 0.232421875 0.1142578125 0.33203125