4 0.8583984375 0.337890625 0.2119140625 0.205078125
4 0.353515625 0.4375 0.037109375 0.1025390625
4 0.6240234375 0.453125 0.048828125 0.068359375
4 0.396484375 0.458984375 0.0302734375 0.080078125
2 0.84765625 0.501953125 0.28515625 0.7001953125
2 0.412109375 0.4970703125 0.0673828125 0.20703125
2 0.3671875 0.4892578125 0.0634765625 0.2509765625
2 0.626953125 0.4912109375 0.0712890625 0.232421875
0 0.7490234375 0.2119140625 0.0859375 0.12109375
0 0.5986328125 0.4130859375 0.015625 0.0419921875
0 0.3837890625 0.3798828125 0.025390625 0.0361328125
0 0.4130859375 0.4111328125 0.021484375 0.0283203125