4 0.080078125 0.4580078125 0.16015625 0.322265625
4 0.3125 0.458984375 0.162109375 0.3173828125
4 0.515625 0.4638671875 0.1748046875 0.28125
4 0.7080078125 0.4521484375 0.1591796875 0.3017578125
4 0.923828125 0.357421875 0.134765625 0.3232421875
2 0.296875 0.5478515625 0.1484375 0.6201171875
2 0.6953125 0.541015625 0.1591796875 0.658203125
2 0.07421875 0.5419921875 0.146484375 0.6591796875
2 0.9140625 0.5 0.169921875 0.8203125
2 0.501953125 0.5439453125 0.162109375 0.6044921875
2 0.189453125 0.486328125 0.0361328125 0.107421875
0 0.8974609375 0.1533203125 0.0869140625 0.12890625
0 0.501953125 0.294921875 0.0625 0.109375
0 0.2978515625 0.29296875 0.0703125 0.1123046875
0 0.0380859375 0.27734375 0.076171875 0.12890625
1 0.189453125 0.43359375 0.0146484375 0.01171875
0 0.7021484375 0.2666015625 0.0810546875 0.1123046875