3 0.55078125 0.37109375 0.078125 0.0859375
3 0.8681640625 0.380859375 0.123046875 0.1337890625
3 0.7646484375 0.384765625 0.095703125 0.1220703125
3 0.6689453125 0.388671875 0.1396484375 0.162109375
3 0.26171875 0.4013671875 0.1513671875 0.177734375
3 0.46875 0.40625 0.1259765625 0.171875
2 0.255859375 0.52734375 0.2060546875 0.603515625
2 0.470703125 0.5009765625 0.12890625 0.5224609375
2 0.6669921875 0.5107421875 0.134765625 0.5859375
2 0.865234375 0.466796875 0.12890625 0.4404296875
2 0.765625 0.462890625 0.0947265625 0.40625
2 0.548828125 0.4296875 0.076171875 0.3017578125
1 0.865234375 0.2666015625 0.0419921875 0.037109375
0 0.767578125 0.279296875 0.0390625 0.033203125
1 0.65234375 0.267578125 0.052734375 0.0986328125
1 0.5380859375 0.306640625 0.029296875 0.0517578125
1 0.4521484375 0.2880859375 0.0498046875 0.0888671875
1 0.2607421875 0.2705078125 0.056640625 0.083984375