4 0.55859375 0.484375 0.0498046875 0.2509765625
4 0.6142578125 0.447265625 0.091796875 0.275390625
4 0.5048828125 0.462890625 0.1298828125 0.2626953125
4 0.431640625 0.447265625 0.0595703125 0.244140625
2 0.4912109375 0.5205078125 0.150390625 0.513671875
2 0.599609375 0.5205078125 0.095703125 0.4677734375
2 0.3447265625 0.3388671875 0.072265625 0.1396484375
2 0.419921875 0.5078125 0.076171875 0.43359375
0 0.576171875 0.330078125 0.044921875 0.083984375
0 0.5146484375 0.294921875 0.0390625 0.0595703125
0 0.404296875 0.3291015625 0.0400390625 0.0732421875
0 0.3310546875 0.2919921875 0.0341796875 0.0439453125