4 0.234375 0.38671875 0.1259765625 0.3154296875
4 0.5859375 0.37890625 0.1279296875 0.33203125
2 0.2421875 0.5078125 0.1376953125 0.830078125
2 0.537109375 0.51953125 0.220703125 0.861328125
2 0.76171875 0.6826171875 0.107421875 0.5830078125
2 0.82421875 0.630859375 0.0283203125 0.1337890625
1 0.5703125 0.119140625 0.0498046875 0.068359375
1 0.2509765625 0.130859375 0.0615234375 0.0830078125
1 0.744140625 0.423828125 0.0380859375 0.0771484375
1 0.8251953125 0.5732421875 0.0126953125 0.013671875
3 0.755859375 0.572265625 0.0693359375 0.1787109375
3 0.8271484375 0.615234375 0.0205078125 0.0693359375