4 0.4482421875 0.404296875 0.099609375 0.357421875
4 0.638671875 0.4794921875 0.1064453125 0.283203125
4 0.373046875 0.501953125 0.0517578125 0.1533203125
4 0.564453125 0.501953125 0.0263671875 0.134765625
4 0.25 0.513671875 0.056640625 0.158203125
2 0.6455078125 0.5927734375 0.1904296875 0.716796875
2 0.2626953125 0.5517578125 0.1142578125 0.3671875
2 0.376953125 0.5419921875 0.0595703125 0.361328125
2 0.46484375 0.544921875 0.19140625 0.91015625
0 0.25390625 0.3857421875 0.0380859375 0.0341796875
1 0.6435546875 0.29296875 0.048828125 0.091796875
1 0.4755859375 0.1689453125 0.078125 0.1171875
0 0.37109375 0.3896484375 0.0302734375 0.037109375