4 0.4287109375 0.5888671875 0.0546875 0.1298828125
4 0.3564453125 0.58984375 0.048828125 0.1640625
4 0.5458984375 0.619140625 0.0400390625 0.1162109375
2 0.4306640625 0.6806640625 0.095703125 0.4404296875
2 0.5400390625 0.6875 0.0966796875 0.4443359375
2 0.3662109375 0.681640625 0.0859375 0.455078125
2 0.9658203125 0.3701171875 0.06640625 0.4404296875
4 0.9716796875 0.302734375 0.056640625 0.166015625
0 0.5400390625 0.494140625 0.0478515625 0.0634765625
0 0.400390625 0.474609375 0.029296875 0.0390625
0 0.3681640625 0.4677734375 0.0380859375 0.033203125
0 0.9912109375 0.185546875 0.0166015625 0.06640625