4 0.779296875 0.666015625 0.1669921875 0.3251953125
4 0.2509765625 0.6904296875 0.138671875 0.3232421875
3 0.083984375 0.5654296875 0.162109375 0.552734375
3 0.890625 0.5380859375 0.2158203125 0.4111328125
4 0.6318359375 0.767578125 0.146484375 0.3076171875
4 0.435546875 0.7490234375 0.1689453125 0.3154296875
2 0.255859375 0.689453125 0.158203125 0.6201171875
2 0.884765625 0.60546875 0.2294921875 0.7841796875
2 0.6201171875 0.7333984375 0.1845703125 0.53125
2 0.0859375 0.548828125 0.169921875 0.8984375
2 0.4384765625 0.716796875 0.2138671875 0.564453125
2 0.779296875 0.6884765625 0.1845703125 0.6201171875
1 0.1064453125 0.15234375 0.115234375 0.1240234375
1 0.8212890625 0.2783203125 0.09375 0.1220703125
1 0.2412109375 0.4423828125 0.1005859375 0.12109375
1 0.44140625 0.5185546875 0.1005859375 0.162109375
1 0.7412109375 0.4375 0.0859375 0.111328125
1 0.6259765625 0.546875 0.11328125 0.1552734375