3 0.7216796875 0.6142578125 0.09375 0.240234375
3 0.501953125 0.62890625 0.1201171875 0.259765625
3 0.6279296875 0.640625 0.064453125 0.1748046875
3 0.2685546875 0.673828125 0.140625 0.3583984375
2 0.263671875 0.65625 0.17578125 0.669921875
2 0.7275390625 0.666015625 0.1669921875 0.65625
2 0.486328125 0.6787109375 0.1689453125 0.6259765625
2 0.625 0.708984375 0.0849609375 0.55859375
2 0.9306640625 0.5654296875 0.138671875 0.853515625
2 0.8798828125 0.720703125 0.099609375 0.5439453125
3 0.9658203125 0.5693359375 0.06640625 0.4169921875
3 0.8916015625 0.6298828125 0.072265625 0.267578125
0 0.2900390625 0.357421875 0.0791015625 0.08203125
0 0.509765625 0.4033203125 0.0615234375 0.0634765625
0 0.712890625 0.380859375 0.0712890625 0.080078125
0 0.6298828125 0.4541015625 0.048828125 0.0576171875
0 0.9326171875 0.2158203125 0.134765625 0.15234375