3 0.65625 0.48828125 0.169921875 0.1728515625
3 0.4892578125 0.533203125 0.126953125 0.2890625
3 0.8369140625 0.5458984375 0.1689453125 0.375
3 0.3193359375 0.546875 0.1611328125 0.31640625
2 0.8623046875 0.4765625 0.2724609375 0.6083984375
2 0.31640625 0.4814453125 0.1923828125 0.5517578125
2 0.4814453125 0.51171875 0.1650390625 0.59765625
2 0.6591796875 0.3974609375 0.2294921875 0.3388671875
0 0.78515625 0.2353515625 0.115234375 0.1240234375
0 0.65234375 0.2802734375 0.099609375 0.1103515625
0 0.4873046875 0.2734375 0.09375 0.1220703125
0 0.34765625 0.2646484375 0.0966796875 0.1171875