3 0.9169921875 0.42578125 0.1162109375 0.15625
3 0.4384765625 0.443359375 0.0830078125 0.1220703125
3 0.7294921875 0.4658203125 0.1318359375 0.1337890625
3 0.5986328125 0.4658203125 0.095703125 0.12890625
3 0.34375 0.4658203125 0.0751953125 0.1796875
3 0.248046875 0.4921875 0.103515625 0.16796875
3 0.12890625 0.5 0.1259765625 0.203125
2 0.9189453125 0.517578125 0.1171875 0.513671875
2 0.130859375 0.5859375 0.1279296875 0.5830078125
2 0.5986328125 0.533203125 0.0908203125 0.3896484375
2 0.7265625 0.546875 0.1318359375 0.4306640625
2 0.2373046875 0.5830078125 0.1142578125 0.4931640625
2 0.4306640625 0.5283203125 0.1318359375 0.3935546875
2 0.3447265625 0.548828125 0.0771484375 0.4697265625
0 0.71875 0.353515625 0.0439453125 0.04296875
0 0.4404296875 0.3525390625 0.0361328125 0.03515625
0 0.1376953125 0.326171875 0.052734375 0.0537109375
0 0.3623046875 0.3369140625 0.04296875 0.041015625
0 0.9169921875 0.28515625 0.048828125 0.048828125
0 0.2490234375 0.3642578125 0.0498046875 0.0556640625
0 0.5966796875 0.359375 0.0361328125 0.0400390625