3 0.8671875 0.6416015625 0.265625 0.51953125
3 0.5888671875 0.666015625 0.1982421875 0.3603515625
3 0.3984375 0.755859375 0.265625 0.4501953125
3 0.1259765625 0.7900390625 0.2509765625 0.419921875
2 0.84375 0.6142578125 0.310546875 0.7421875
2 0.4052734375 0.68359375 0.265625 0.6123046875
2 0.58984375 0.681640625 0.2001953125 0.6181640625
2 0.1455078125 0.6591796875 0.27734375 0.65625
2 0.705078125 0.5205078125 0.0322265625 0.17578125
1 0.8701171875 0.287109375 0.1181640625 0.08203125
1 0.5859375 0.4052734375 0.07421875 0.0791015625
1 0.365234375 0.451171875 0.1044921875 0.1474609375
1 0.09765625 0.396484375 0.162109375 0.1357421875