4 0.423828125 0.49609375 0.1875 0.2841796875
4 0.083984375 0.5 0.1025390625 0.2138671875
4 0.830078125 0.2548828125 0.2197265625 0.3466796875
2 0.80078125 0.39453125 0.3974609375 0.6376953125
2 0.5126953125 0.494140625 0.39453125 0.552734375
2 0.0859375 0.4755859375 0.171875 0.310546875
0 0.1416015625 0.361328125 0.0556640625 0.0703125
0 0.5205078125 0.2763671875 0.0947265625 0.1103515625
0 0.6533203125 0.1826171875 0.0927734375 0.1513671875
0 0.6005859375 0.373046875 0.0546875 0.0595703125
0 0.2763671875 0.6181640625 0.046875 0.0537109375
2 0.3017578125 0.66796875 0.099609375 0.15234375