4 0.720703125 0.6474609375 0.1181640625 0.2216796875
3 0.3330078125 0.7353515625 0.08203125 0.2431640625
3 0.224609375 0.68359375 0.115234375 0.234375
3 0.533203125 0.662109375 0.08984375 0.1767578125
2 0.2275390625 0.7177734375 0.13671875 0.5537109375
2 0.14453125 0.73046875 0.1337890625 0.5244140625
2 0.33203125 0.7333984375 0.11328125 0.5244140625
2 0.4091796875 0.7314453125 0.115234375 0.529296875
2 0.5263671875 0.7294921875 0.134765625 0.5341796875
2 0.716796875 0.7099609375 0.146484375 0.5693359375
3 0.4033203125 0.681640625 0.0810546875 0.201171875
3 0.13671875 0.6787109375 0.1103515625 0.2294921875
0 0.712890625 0.455078125 0.0546875 0.060546875
0 0.5029296875 0.4970703125 0.0517578125 0.06640625
0 0.3818359375 0.5029296875 0.0517578125 0.0654296875
0 0.3310546875 0.521484375 0.0615234375 0.0654296875
0 0.2412109375 0.4697265625 0.0654296875 0.0654296875
0 0.189453125 0.501953125 0.0341796875 0.06640625