3 0.8857421875 0.306640625 0.146484375 0.2919921875
3 0.669921875 0.365234375 0.10546875 0.2255859375
3 0.482421875 0.3701171875 0.1044921875 0.1796875
3 0.287109375 0.41796875 0.1083984375 0.251953125
3 0.107421875 0.43359375 0.14453125 0.26171875
2 0.107421875 0.5126953125 0.1650390625 0.6142578125
2 0.890625 0.419921875 0.1640625 0.6904296875
2 0.48046875 0.3837890625 0.107421875 0.373046875
2 0.2958984375 0.4306640625 0.123046875 0.478515625
2 0.669921875 0.384765625 0.1103515625 0.4560546875
0 0.890625 0.1171875 0.0751953125 0.0849609375
0 0.658203125 0.189453125 0.0615234375 0.072265625
0 0.5009765625 0.25 0.056640625 0.1123046875
0 0.3173828125 0.2451171875 0.06640625 0.109375
0 0.1552734375 0.251953125 0.0625 0.0927734375