4 0.59765625 0.6484375 0.095703125 0.2236328125
4 0.5146484375 0.65625 0.1259765625 0.2451171875
4 0.6806640625 0.6728515625 0.1015625 0.2158203125
4 0.39453125 0.693359375 0.1181640625 0.2080078125
4 0.76953125 0.7080078125 0.099609375 0.2216796875
2 0.3984375 0.744140625 0.1279296875 0.509765625
2 0.5146484375 0.71484375 0.1318359375 0.568359375
2 0.765625 0.7529296875 0.103515625 0.490234375
2 0.6796875 0.7412109375 0.1103515625 0.517578125
2 0.5986328125 0.7197265625 0.095703125 0.5576171875
0 0.74609375 0.53515625 0.0576171875 0.05078125
0 0.5859375 0.4677734375 0.0546875 0.05078125
0 0.666015625 0.5107421875 0.0576171875 0.0546875
0 0.515625 0.4560546875 0.0576171875 0.05078125
0 0.4248046875 0.5205078125 0.05859375 0.052734375