3 0.2958984375 0.6533203125 0.1083984375 0.20703125
2 0.677734375 0.7255859375 0.166015625 0.501953125
2 0.291015625 0.73828125 0.134765625 0.5126953125
2 0.9306640625 0.78515625 0.1376953125 0.4189453125
2 0.87109375 0.7998046875 0.1748046875 0.39453125
3 0.65625 0.6259765625 0.1025390625 0.189453125
3 0.9208984375 0.8515625 0.07421875 0.2548828125
3 0.97265625 0.86328125 0.0546875 0.2626953125
0 0.3095703125 0.5009765625 0.048828125 0.04296875
0 0.732421875 0.5126953125 0.0517578125 0.07421875
0 0.9013671875 0.6376953125 0.0693359375 0.05859375
0 0.96875 0.630859375 0.0625 0.107421875