4 0.4453125 0.4853515625 0.064453125 0.1708984375
4 0.5068359375 0.490234375 0.060546875 0.177734375
2 0.640625 0.5634765625 0.236328125 0.8583984375
2 0.4462890625 0.5751953125 0.1142578125 0.4970703125
2 0.505859375 0.5693359375 0.0634765625 0.462890625
2 0.90234375 0.7490234375 0.06640625 0.330078125
2 0.9677734375 0.736328125 0.064453125 0.4072265625
2 0.958984375 0.619140625 0.080078125 0.6162109375
2 0.9140625 0.501953125 0.0810546875 0.2822265625
3 0.6298828125 0.578125 0.18359375 0.455078125
3 0.9775390625 0.693359375 0.044921875 0.134765625
3 0.904296875 0.7197265625 0.046875 0.1103515625
3 0.97265625 0.53125 0.0537109375 0.2021484375
3 0.9130859375 0.5341796875 0.0537109375 0.1484375
1 0.6044921875 0.234375 0.08984375 0.2041015625
1 0.4990234375 0.37109375 0.0263671875 0.0654296875
1 0.4482421875 0.3642578125 0.033203125 0.076171875
1 0.978515625 0.3623046875 0.03515625 0.09765625
1 0.935546875 0.404296875 0.0400390625 0.0693359375
1 0.9853515625 0.57421875 0.02734375 0.09375
1 0.9013671875 0.6201171875 0.0322265625 0.072265625