4 0.8564453125 0.38671875 0.0908203125 0.29296875
4 0.7314453125 0.400390625 0.0859375 0.31640625
4 0.2900390625 0.4423828125 0.1416015625 0.3251953125
4 0.12890625 0.4599609375 0.14453125 0.302734375
4 0.7509765625 0.6767578125 0.146484375 0.15625
4 0.4599609375 0.712890625 0.1357421875 0.1787109375
2 0.287109375 0.5634765625 0.1982421875 0.830078125
2 0.1396484375 0.5615234375 0.1728515625 0.7041015625
2 0.71875 0.76953125 0.2255859375 0.3486328125
2 0.8369140625 0.5390625 0.1396484375 0.83984375
2 0.4873046875 0.7568359375 0.2412109375 0.3740234375
2 0.744140625 0.380859375 0.1171875 0.5078125
0 0.1484375 0.2490234375 0.0751953125 0.0712890625
0 0.2666015625 0.1845703125 0.0771484375 0.0791015625
0 0.7451171875 0.1650390625 0.0595703125 0.087890625
0 0.8134765625 0.1708984375 0.0830078125 0.107421875
0 0.64453125 0.6591796875 0.0615234375 0.13671875
0 0.568359375 0.6435546875 0.064453125 0.13671875