4 0.2529296875 0.708984375 0.21484375 0.50390625
2 0.255859375 0.6337890625 0.228515625 0.7197265625
2 0.7587890625 0.798828125 0.119140625 0.400390625
2 0.52734375 0.712890625 0.1259765625 0.56640625
2 0.6357421875 0.724609375 0.041015625 0.1572265625
3 0.7822265625 0.7666015625 0.06640625 0.158203125
1 0.791015625 0.638671875 0.0341796875 0.078125
1 0.517578125 0.50390625 0.0517578125 0.1337890625
1 0.517578125 0.6826171875 0.0703125 0.208984375
1 0.2998046875 0.376953125 0.091796875 0.203125
3 0.638671875 0.7080078125 0.0244140625 0.0556640625
1 0.6474609375 0.662109375 0.013671875 0.0322265625