4 0.513671875 0.3125 0.083984375 0.2607421875
4 0.599609375 0.3583984375 0.048828125 0.2392578125
2 0.689453125 0.4990234375 0.154296875 0.740234375
2 0.603515625 0.486328125 0.099609375 0.7041015625
2 0.515625 0.4609375 0.10546875 0.7890625
2 0.01953125 0.484375 0.0390625 0.203125
3 0.685546875 0.3974609375 0.1259765625 0.2998046875
3 0.0146484375 0.4833984375 0.0283203125 0.173828125
1 0.6728515625 0.17578125 0.044921875 0.0947265625
1 0.6298828125 0.193359375 0.044921875 0.1162109375
1 0.5244140625 0.126953125 0.0478515625 0.1220703125