4 0.4765625 0.7509765625 0.3369140625 0.490234375
2 0.53515625 0.57421875 0.5234375 0.83203125
2 0.0380859375 0.669921875 0.076171875 0.4990234375
2 0.1923828125 0.59765625 0.0556640625 0.3095703125
2 0.123046875 0.66015625 0.0830078125 0.4365234375
2 0.314453125 0.490234375 0.0634765625 0.2177734375
2 0.0595703125 0.537109375 0.091796875 0.462890625
2 0.6181640625 0.4912109375 0.037109375 0.1455078125
3 0.6181640625 0.48828125 0.025390625 0.083984375
3 0.3173828125 0.48046875 0.0458984375 0.091796875
3 0.1953125 0.55078125 0.0439453125 0.1015625
3 0.125 0.5771484375 0.0693359375 0.1474609375
3 0.0498046875 0.4462890625 0.0517578125 0.13671875
3 0.033203125 0.5634765625 0.0517578125 0.1201171875
1 0.4677734375 0.2578125 0.1376953125 0.1982421875
1 0.1923828125 0.4609375 0.0234375 0.041015625
1 0.0419921875 0.3251953125 0.029296875 0.0380859375
1 0.029296875 0.4423828125 0.0322265625 0.0400390625
1 0.3125 0.3974609375 0.0234375 0.0283203125
1 0.6181640625 0.4326171875 0.0263671875 0.02734375
1 0.1318359375 0.48046875 0.0556640625 0.0908203125