4 0.1689453125 0.5869140625 0.208984375 0.720703125
4 0.91796875 0.6767578125 0.1572265625 0.6123046875
2 0.189453125 0.49609375 0.2578125 0.984375
2 0.3486328125 0.662109375 0.162109375 0.6611328125
2 0.90625 0.5537109375 0.1875 0.8681640625
2 0.6669921875 0.453125 0.05859375 0.28515625
2 0.466796875 0.4423828125 0.04296875 0.2099609375
2 0.736328125 0.453125 0.0576171875 0.2724609375
2 0.423828125 0.4287109375 0.0380859375 0.2197265625
2 0.6279296875 0.400390625 0.02734375 0.1220703125
3 0.3427734375 0.5712890625 0.11328125 0.22265625
3 0.73046875 0.4091796875 0.033203125 0.0947265625
3 0.66796875 0.4150390625 0.0380859375 0.1064453125
3 0.62890625 0.3857421875 0.0185546875 0.046875
2 0.5029296875 0.44140625 0.033203125 0.1962890625
3 0.50390625 0.4150390625 0.025390625 0.07421875
3 0.466796875 0.404296875 0.033203125 0.0732421875
3 0.42578125 0.390625 0.033203125 0.0673828125
1 0.3681640625 0.41015625 0.0927734375 0.150390625
1 0.7275390625 0.341796875 0.0263671875 0.0517578125
1 0.6669921875 0.33203125 0.0224609375 0.04296875
1 0.50390625 0.3525390625 0.015625 0.0244140625
1 0.4658203125 0.3564453125 0.0224609375 0.0302734375
1 0.42578125 0.33984375 0.0146484375 0.033203125
0 0.9072265625 0.2373046875 0.185546875 0.2451171875
0 0.208984375 0.0703125 0.21875 0.140625
1 0.6279296875 0.34765625 0.0126953125 0.021484375