4 0.248046875 0.4150390625 0.1025390625 0.263671875
4 0.5126953125 0.390625 0.080078125 0.130859375
2 0.25390625 0.5517578125 0.125 0.7705078125
2 0.0517578125 0.470703125 0.052734375 0.1669921875
2 0.9150390625 0.482421875 0.0927734375 0.421875
2 0.5078125 0.44921875 0.091796875 0.3330078125
3 0.8994140625 0.416015625 0.0517578125 0.1669921875
3 0.0498046875 0.43359375 0.0283203125 0.0517578125
1 0.2548828125 0.2080078125 0.0537109375 0.08203125
1 0.0478515625 0.400390625 0.0166015625 0.025390625
1 0.5126953125 0.3125 0.0244140625 0.0400390625
1 0.8916015625 0.306640625 0.0361328125 0.0693359375