3 0.1142578125 0.6005859375 0.2255859375 0.3837890625
3 0.4931640625 0.6982421875 0.3310546875 0.50390625
3 0.890625 0.6240234375 0.19921875 0.34765625
3 0.728515625 0.5771484375 0.109375 0.240234375
3 0.259765625 0.6328125 0.2099609375 0.37109375
2 0.4892578125 0.578125 0.404296875 0.822265625
2 0.11328125 0.5908203125 0.2265625 0.794921875
2 0.87109375 0.609375 0.2568359375 0.759765625
2 0.267578125 0.6123046875 0.2275390625 0.751953125
2 0.7314453125 0.640625 0.1220703125 0.6796875
0 0.5029296875 0.2470703125 0.1396484375 0.1611328125
0 0.892578125 0.28515625 0.1064453125 0.1064453125
0 0.74609375 0.3515625 0.0849609375 0.095703125
0 0.3134765625 0.3125 0.126953125 0.1533203125
0 0.1025390625 0.2646484375 0.1201171875 0.15625