4 0.0693359375 0.392578125 0.1181640625 0.2763671875
4 0.376953125 0.376953125 0.1162109375 0.24609375
4 0.552734375 0.388671875 0.1005859375 0.201171875
4 0.6533203125 0.3828125 0.076171875 0.2236328125
4 0.732421875 0.4248046875 0.0703125 0.1953125
4 0.8076171875 0.4375 0.0966796875 0.1982421875
2 0.076171875 0.486328125 0.1318359375 0.6875
2 0.3876953125 0.4814453125 0.142578125 0.591796875
2 0.55078125 0.474609375 0.1181640625 0.552734375
2 0.8076171875 0.5 0.1044921875 0.4521484375
2 0.6787109375 0.49609375 0.140625 0.5615234375
2 0.7294921875 0.5 0.076171875 0.4892578125
0 0.0966796875 0.177734375 0.0849609375 0.0673828125
0 0.5615234375 0.2275390625 0.0654296875 0.0556640625
0 0.71484375 0.2626953125 0.0703125 0.0908203125
0 0.419921875 0.220703125 0.0732421875 0.0703125
0 0.810546875 0.298828125 0.0595703125 0.048828125