3 0.0810546875 0.4892578125 0.0732421875 0.16015625
3 0.255859375 0.4140625 0.0322265625 0.0859375
3 0.8916015625 0.3720703125 0.0234375 0.04296875
3 0.9423828125 0.58203125 0.0927734375 0.10546875
3 0.3447265625 0.400390625 0.0302734375 0.0400390625
4 0.314453125 0.4033203125 0.0234375 0.044921875
2 0.9326171875 0.623046875 0.125 0.259765625
2 0.09765625 0.5869140625 0.1005859375 0.5
2 0.8916015625 0.392578125 0.029296875 0.1123046875
2 0.2578125 0.443359375 0.03125 0.1806640625
2 0.345703125 0.3984375 0.02734375 0.0654296875
2 0.31640625 0.4287109375 0.0244140625 0.1240234375
1 0.1005859375 0.36328125 0.05078125 0.0439453125
1 0.2587890625 0.3603515625 0.0126953125 0.013671875
1 0.31640625 0.375 0.0078125 0.0078125
1 0.89453125 0.513671875 0.044921875 0.0380859375
1 0.890625 0.3427734375 0.0078125 0.0087890625