4 0.228515625 0.8857421875 0.150390625 0.228515625
4 0.896484375 0.6708984375 0.173828125 0.408203125
4 0.599609375 0.6787109375 0.0625 0.107421875
2 0.23046875 0.802734375 0.1611328125 0.392578125
2 0.884765625 0.65625 0.2001953125 0.615234375
2 0.58984375 0.705078125 0.0810546875 0.20703125
0 0.861328125 0.38671875 0.087890625 0.07421875
0 0.24609375 0.669921875 0.09765625 0.115234375
0 0.5234375 0.587890625 0.021484375 0.025390625
2 0.35546875 0.6533203125 0.072265625 0.169921875
0 0.369140625 0.5849609375 0.0302734375 0.029296875
0 0.56640625 0.6162109375 0.0205078125 0.029296875
3 0.3515625 0.658203125 0.0517578125 0.0751953125
4 0.501953125 0.646484375 0.056640625 0.0908203125
2 0.5029296875 0.6513671875 0.0703125 0.1640625