3 0.751953125 0.4873046875 0.0966796875 0.123046875
3 0.6181640625 0.541015625 0.1015625 0.2197265625
3 0.123046875 0.5546875 0.1171875 0.2626953125
3 0.337890625 0.6015625 0.123046875 0.2431640625
2 0.1044921875 0.654296875 0.208984375 0.6904296875
2 0.3369140625 0.677734375 0.1689453125 0.6396484375
2 0.751953125 0.5849609375 0.14453125 0.484375
2 0.6416015625 0.609375 0.1533203125 0.544921875
2 0.248046875 0.3564453125 0.060546875 0.1708984375
2 0.04296875 0.3291015625 0.0517578125 0.1728515625
2 0.54296875 0.5947265625 0.0703125 0.1611328125
2 0.8310546875 0.5615234375 0.0849609375 0.447265625
2 0.2001953125 0.3603515625 0.041015625 0.1767578125
2 0.107421875 0.3193359375 0.0517578125 0.1669921875
3 0.822265625 0.494140625 0.0595703125 0.1494140625
3 0.5478515625 0.5927734375 0.0634765625 0.0947265625
3 0.25 0.3310546875 0.0439453125 0.0576171875
3 0.201171875 0.3359375 0.03125 0.0615234375
3 0.109375 0.302734375 0.04296875 0.0615234375
3 0.04296875 0.3125 0.04296875 0.0556640625
0 0.8203125 0.3681640625 0.048828125 0.0595703125
0 0.740234375 0.3818359375 0.05078125 0.0771484375
0 0.6279296875 0.3671875 0.064453125 0.0576171875
0 0.3310546875 0.40625 0.0673828125 0.0888671875
0 0.1630859375 0.3583984375 0.0771484375 0.0947265625
0 0.2529296875 0.2822265625 0.0185546875 0.01953125
0 0.201171875 0.2841796875 0.0185546875 0.0234375
0 0.1123046875 0.248046875 0.017578125 0.017578125
0 0.046875 0.255859375 0.01953125 0.021484375