4 0.693359375 0.361328125 0.09375 0.2001953125
4 0.3486328125 0.376953125 0.07421875 0.103515625
4 0.953125 0.6572265625 0.08984375 0.2265625
4 0.873046875 0.6611328125 0.1142578125 0.2724609375
4 0.7607421875 0.609375 0.1259765625 0.2265625
4 0.6630859375 0.6171875 0.1103515625 0.232421875
4 0.458984375 0.3974609375 0.0576171875 0.1064453125
4 0.5595703125 0.3720703125 0.099609375 0.15234375
4 0.4306640625 0.4609375 0.0576171875 0.1015625
4 0.5029296875 0.5478515625 0.1259765625 0.248046875
4 0.3798828125 0.599609375 0.1201171875 0.2451171875
4 0.31640625 0.630859375 0.0361328125 0.2158203125
4 0.2509765625 0.5791015625 0.1181640625 0.2294921875
4 0.1533203125 0.587890625 0.1337890625 0.2109375
4 0.04296875 0.6015625 0.0859375 0.2373046875
4 0.6240234375 0.4599609375 0.087890625 0.18359375
2 0.0419921875 0.7041015625 0.08203125 0.591796875
2 0.1513671875 0.697265625 0.166015625 0.60546875
2 0.3779296875 0.6904296875 0.15234375 0.619140625
2 0.5166015625 0.6708984375 0.1640625 0.658203125
2 0.7587890625 0.69140625 0.146484375 0.6171875
2 0.25390625 0.6796875 0.1162109375 0.5869140625
2 0.654296875 0.7001953125 0.1220703125 0.5810546875
2 0.87109375 0.7080078125 0.1103515625 0.5791015625
2 0.94140625 0.71484375 0.1171875 0.5703125
4 0.275390625 0.43359375 0.1064453125 0.18359375
2 0.548828125 0.330078125 0.0986328125 0.25
2 0.470703125 0.3623046875 0.0751953125 0.1875
2 0.3447265625 0.35546875 0.068359375 0.2294921875
2 0.265625 0.38671875 0.1240234375 0.2568359375
2 0.6962890625 0.333984375 0.11328125 0.3291015625
2 0.638671875 0.3935546875 0.126953125 0.232421875
0 0.95703125 0.4619140625 0.064453125 0.0625
0 0.87109375 0.4501953125 0.06640625 0.0625
0 0.7607421875 0.412109375 0.05859375 0.0517578125
0 0.6669921875 0.4443359375 0.060546875 0.0556640625
0 0.6826171875 0.1953125 0.0546875 0.0517578125
0 0.5556640625 0.2236328125 0.05078125 0.0380859375
0 0.6220703125 0.30078125 0.0478515625 0.044921875
0 0.4951171875 0.3681640625 0.05859375 0.0498046875
0 0.47265625 0.2890625 0.0458984375 0.0390625
0 0.3447265625 0.26171875 0.0478515625 0.0439453125
0 0.2685546875 0.279296875 0.05078125 0.04296875
0 0.3798828125 0.40625 0.0556640625 0.0458984375
0 0.2548828125 0.4111328125 0.052734375 0.044921875
0 0.13671875 0.4267578125 0.0546875 0.0625
0 0.0234375 0.4267578125 0.046875 0.044921875