4 0.595703125 0.4755859375 0.1181640625 0.2265625
4 0.466796875 0.490234375 0.1201171875 0.2021484375
4 0.345703125 0.4921875 0.0947265625 0.228515625
4 0.8046875 0.5146484375 0.11328125 0.2373046875
4 0.2001953125 0.5166015625 0.1396484375 0.291015625
2 0.7939453125 0.6298828125 0.2099609375 0.740234375
2 0.1923828125 0.6201171875 0.2314453125 0.759765625
2 0.6201171875 0.58984375 0.1767578125 0.6845703125
2 0.4853515625 0.599609375 0.1728515625 0.6533203125
2 0.333984375 0.6044921875 0.1416015625 0.658203125
0 0.8037109375 0.2939453125 0.0751953125 0.06640625
0 0.580078125 0.283203125 0.0615234375 0.068359375
0 0.453125 0.302734375 0.0634765625 0.0625
0 0.3701171875 0.3056640625 0.060546875 0.060546875
0 0.2275390625 0.27734375 0.0830078125 0.0810546875