3 0.2568359375 0.529296875 0.130859375 0.2294921875
3 0.4296875 0.5390625 0.1396484375 0.22265625
3 0.8330078125 0.54296875 0.1767578125 0.3369140625
3 0.158203125 0.60546875 0.177734375 0.4248046875
3 0.5869140625 0.6064453125 0.1689453125 0.2724609375
2 0.8291015625 0.58984375 0.1748046875 0.8046875
2 0.1650390625 0.609375 0.1884765625 0.7685546875
2 0.58984375 0.650390625 0.1708984375 0.6845703125
2 0.43359375 0.642578125 0.146484375 0.7021484375
2 0.26171875 0.62890625 0.1328125 0.724609375
2 0.33984375 0.4794921875 0.017578125 0.07421875
3 0.3388671875 0.47265625 0.0107421875 0.0361328125
0 0.814453125 0.259765625 0.11328125 0.1474609375
0 0.5556640625 0.36328125 0.080078125 0.0947265625
0 0.42578125 0.3291015625 0.0634765625 0.0732421875
0 0.248046875 0.3037109375 0.060546875 0.072265625
0 0.162109375 0.2763671875 0.10546875 0.1083984375