4 0.544921875 0.6025390625 0.140625 0.28125
4 0.345703125 0.666015625 0.15625 0.2734375
4 0.1826171875 0.5791015625 0.1533203125 0.294921875
4 0.6005859375 0.4921875 0.0869140625 0.2578125
3 0.2978515625 0.3779296875 0.1650390625 0.1962890625
3 0.4130859375 0.314453125 0.10546875 0.12109375
3 0.7177734375 0.517578125 0.1455078125 0.5341796875
2 0.177734375 0.6474609375 0.201171875 0.701171875
2 0.33984375 0.6884765625 0.171875 0.623046875
2 0.5439453125 0.6630859375 0.1455078125 0.669921875
2 0.296875 0.345703125 0.1748046875 0.380859375
2 0.6025390625 0.6171875 0.0908203125 0.7109375
2 0.482421875 0.35546875 0.087890625 0.189453125
2 0.439453125 0.2509765625 0.140625 0.2392578125
2 0.736328125 0.556640625 0.2080078125 0.8701171875
2 0.43359375 0.642578125 0.123046875 0.673828125
4 0.474609375 0.4130859375 0.076171875 0.09375
4 0.4345703125 0.5615234375 0.1142578125 0.2529296875
1 0.451171875 0.201171875 0.0859375 0.1513671875
1 0.7177734375 0.201171875 0.1005859375 0.150390625
1 0.595703125 0.3251953125 0.072265625 0.1337890625
1 0.18359375 0.3681640625 0.0830078125 0.14453125
1 0.2958984375 0.216796875 0.0908203125 0.1259765625
1 0.3427734375 0.451171875 0.08984375 0.142578125
1 0.5341796875 0.3994140625 0.072265625 0.138671875
1 0.416015625 0.3662109375 0.0771484375 0.126953125
1 0.4873046875 0.3203125 0.0712890625 0.1142578125