4 0.7314453125 0.3515625 0.14453125 0.23046875
4 0.6220703125 0.3974609375 0.11328125 0.216796875
4 0.201171875 0.4326171875 0.1796875 0.25390625
4 0.462890625 0.439453125 0.1279296875 0.2431640625
4 0.3896484375 0.4482421875 0.0771484375 0.2236328125
2 0.2060546875 0.5498046875 0.1875 0.716796875
2 0.73046875 0.44140625 0.1494140625 0.591796875
2 0.619140625 0.48828125 0.1240234375 0.560546875
2 0.4638671875 0.541015625 0.18359375 0.650390625
2 0.3798828125 0.52734375 0.0849609375 0.5439453125
0 0.2109375 0.2197265625 0.060546875 0.0634765625
0 0.6083984375 0.23828125 0.05078125 0.0654296875
0 0.72265625 0.1796875 0.052734375 0.0693359375
0 0.390625 0.2822265625 0.0498046875 0.060546875
0 0.4580078125 0.255859375 0.0576171875 0.078125