3 0.3466796875 0.603515625 0.1767578125 0.427734375
3 0.6591796875 0.61328125 0.15234375 0.4189453125
3 0.1552734375 0.646484375 0.23828125 0.5673828125
3 0.783203125 0.693359375 0.1923828125 0.5166015625
2 0.2392578125 0.5810546875 0.4091796875 0.8330078125
2 0.341796875 0.6171875 0.2060546875 0.763671875
2 0.7421875 0.6083984375 0.2685546875 0.77734375
2 0.615234375 0.6103515625 0.2529296875 0.771484375
0 0.7529296875 0.2939453125 0.154296875 0.1396484375
0 0.63671875 0.2939453125 0.1181640625 0.140625
0 0.3759765625 0.306640625 0.130859375 0.14453125
0 0.1923828125 0.25 0.1650390625 0.1484375