4 0.080078125 0.4580078125 0.16015625 0.322265625
4 0.3125 0.458984375 0.162109375 0.3173828125
4 0.515625 0.4638671875 0.1748046875 0.28125
4 0.7080078125 0.4521484375 0.1591796875 0.3017578125
4 0.919921875 0.3896484375 0.146484375 0.380859375
2 0.296875 0.5478515625 0.150390625 0.6201171875
2 0.697265625 0.541015625 0.154296875 0.658203125
2 0.072265625 0.541015625 0.14453125 0.66015625
2 0.912109375 0.5009765625 0.173828125 0.822265625
2 0.5029296875 0.5439453125 0.1591796875 0.6044921875
2 0.1884765625 0.484375 0.0341796875 0.1044921875
0 0.0380859375 0.2509765625 0.07421875 0.068359375
0 0.296875 0.2666015625 0.06640625 0.0556640625
0 0.8974609375 0.130859375 0.0869140625 0.083984375
0 0.69921875 0.240234375 0.0654296875 0.0537109375
0 0.501953125 0.2685546875 0.0625 0.0556640625
0 0.189453125 0.4326171875 0.015625 0.01171875