3 0.240234375 0.5986328125 0.1767578125 0.333984375
3 0.587890625 0.57421875 0.173828125 0.25
3 0.826171875 0.548828125 0.142578125 0.2080078125
3 0.9462890625 0.5390625 0.091796875 0.2890625
3 0.359375 0.5859375 0.125 0.2529296875
3 0.03515625 0.572265625 0.0703125 0.224609375
2 0.5869140625 0.6865234375 0.1748046875 0.625
2 0.83203125 0.685546875 0.169921875 0.619140625
2 0.28125 0.654296875 0.2470703125 0.6875
2 0.9423828125 0.65234375 0.1142578125 0.6923828125
2 0.3525390625 0.697265625 0.1279296875 0.603515625
2 0.1201171875 0.6748046875 0.111328125 0.5576171875
2 0.052734375 0.6845703125 0.1044921875 0.5263671875
1 0.935546875 0.369140625 0.109375 0.1259765625
1 0.8212890625 0.4248046875 0.0654296875 0.0947265625
1 0.5751953125 0.4345703125 0.076171875 0.1181640625
1 0.279296875 0.3876953125 0.103515625 0.134765625
1 0.02734375 0.466796875 0.0546875 0.09375
1 0.345703125 0.443359375 0.05859375 0.0869140625