3 0.0986328125 0.5615234375 0.052734375 0.1376953125
3 0.31640625 0.58203125 0.03515625 0.14453125
3 0.1591796875 0.5830078125 0.05859375 0.1513671875
3 0.27734375 0.599609375 0.056640625 0.1474609375
2 0.1650390625 0.6396484375 0.072265625 0.3779296875
2 0.1015625 0.6259765625 0.0654296875 0.361328125
2 0.279296875 0.6416015625 0.0654296875 0.3291015625
2 0.3154296875 0.623046875 0.0546875 0.3251953125
1 0.3017578125 0.478515625 0.0234375 0.03125
1 0.1650390625 0.4697265625 0.0244140625 0.0380859375
1 0.1123046875 0.46484375 0.0244140625 0.0390625
0 0.27734375 0.4970703125 0.0263671875 0.0380859375