4 0.859375 0.4677734375 0.1328125 0.2109375
4 0.083984375 0.4814453125 0.16796875 0.326171875
4 0.259765625 0.482421875 0.142578125 0.2451171875
4 0.5732421875 0.552734375 0.1767578125 0.3251953125
4 0.4130859375 0.765625 0.201171875 0.4580078125
2 0.8623046875 0.494140625 0.224609375 0.537109375
2 0.57421875 0.6123046875 0.1845703125 0.7705078125
2 0.1328125 0.5859375 0.2578125 0.828125
2 0.3798828125 0.6416015625 0.306640625 0.716796875
2 0.2568359375 0.4541015625 0.1845703125 0.5732421875
0 0.564453125 0.287109375 0.080078125 0.1123046875
0 0.859375 0.267578125 0.0673828125 0.0791015625
0 0.38671875 0.404296875 0.125 0.193359375
0 0.2470703125 0.2568359375 0.0888671875 0.1513671875
0 0.044921875 0.2568359375 0.0859375 0.1728515625