3 0.2685546875 0.4775390625 0.0859375 0.234375
3 0.7666015625 0.51171875 0.068359375 0.2529296875
3 0.1064453125 0.546875 0.1083984375 0.2919921875
3 0.67578125 0.552734375 0.0908203125 0.251953125
3 0.89453125 0.56640625 0.1796875 0.421875
2 0.28125 0.5947265625 0.134765625 0.6845703125
2 0.892578125 0.6083984375 0.212890625 0.7744140625
2 0.6572265625 0.6396484375 0.1533203125 0.7060546875
2 0.767578125 0.5751953125 0.099609375 0.5947265625
2 0.130859375 0.6318359375 0.169921875 0.7265625
0 0.86328125 0.275390625 0.10546875 0.1103515625
0 0.7783203125 0.3037109375 0.060546875 0.0625
0 0.6640625 0.3330078125 0.068359375 0.0869140625
0 0.267578125 0.2978515625 0.0634765625 0.0908203125
0 0.1064453125 0.3251953125 0.08984375 0.1103515625