3 0.1416015625 0.4130859375 0.1279296875 0.16015625
3 0.25 0.4189453125 0.083984375 0.1494140625
3 0.3310546875 0.4228515625 0.1259765625 0.16796875
3 0.6376953125 0.466796875 0.1474609375 0.1923828125
3 0.501953125 0.4755859375 0.1318359375 0.18359375
2 0.6396484375 0.5703125 0.150390625 0.5888671875
2 0.146484375 0.509765625 0.1298828125 0.50390625
2 0.5 0.583984375 0.1337890625 0.61328125
2 0.3310546875 0.537109375 0.1240234375 0.5732421875
2 0.2529296875 0.51953125 0.08203125 0.50390625
0 0.328125 0.275390625 0.0537109375 0.052734375
0 0.2607421875 0.291015625 0.0517578125 0.048828125
0 0.5224609375 0.3095703125 0.0595703125 0.05859375
0 0.15234375 0.2841796875 0.056640625 0.052734375
0 0.6376953125 0.310546875 0.0595703125 0.068359375