4 0.3515625 0.3544921875 0.1201171875 0.2919921875
4 0.490234375 0.3447265625 0.1044921875 0.2890625
2 0.2392578125 0.5634765625 0.2568359375 0.859375
2 0.849609375 0.5283203125 0.14453125 0.578125
2 0.4873046875 0.505859375 0.1474609375 0.830078125
2 0.943359375 0.640625 0.0751953125 0.3583984375
2 0.365234375 0.4619140625 0.146484375 0.740234375
3 0.8359375 0.4267578125 0.07421875 0.1845703125
3 0.9482421875 0.5732421875 0.046875 0.119140625
3 0.212890625 0.5029296875 0.169921875 0.3681640625
1 0.953125 0.498046875 0.0322265625 0.07421875
1 0.8427734375 0.2880859375 0.076171875 0.0966796875
1 0.48828125 0.1455078125 0.052734375 0.099609375
1 0.3583984375 0.142578125 0.0615234375 0.0927734375
1 0.2158203125 0.2158203125 0.103515625 0.1630859375