3 0.458984375 0.6220703125 0.1220703125 0.2666015625
3 0.5703125 0.6728515625 0.16015625 0.337890625
3 0.33984375 0.6728515625 0.1845703125 0.3759765625
3 0.72265625 0.6875 0.23046875 0.3681640625
3 0.8994140625 0.7392578125 0.201171875 0.419921875
3 0.1240234375 0.751953125 0.2470703125 0.49609375
2 0.1220703125 0.6572265625 0.244140625 0.669921875
2 0.87890625 0.6826171875 0.2421875 0.6240234375
2 0.3388671875 0.646484375 0.1875 0.69921875
2 0.7158203125 0.662109375 0.232421875 0.6650390625
2 0.568359375 0.6865234375 0.142578125 0.6201171875
2 0.4560546875 0.6689453125 0.115234375 0.650390625
1 0.9072265625 0.4384765625 0.0947265625 0.130859375
0 0.7353515625 0.384765625 0.0947265625 0.103515625
0 0.576171875 0.43359375 0.083984375 0.109375
0 0.4541015625 0.390625 0.0791015625 0.0908203125
0 0.3486328125 0.345703125 0.08984375 0.0888671875
0 0.1435546875 0.3857421875 0.1201171875 0.1181640625