3 0.8603515625 0.1865234375 0.2236328125 0.3720703125
3 0.5009765625 0.2421875 0.1103515625 0.20703125
3 0.2880859375 0.2578125 0.1357421875 0.234375
4 0.1162109375 0.259765625 0.16015625 0.279296875
3 0.01953125 0.267578125 0.0390625 0.09375
2 0.1298828125 0.3544921875 0.2080078125 0.693359375
2 0.5 0.2958984375 0.099609375 0.4833984375
2 0.8623046875 0.27734375 0.208984375 0.5546875
2 0.2890625 0.33203125 0.1357421875 0.4443359375
2 0.0224609375 0.28125 0.0439453125 0.1806640625
2 0.2333984375 0.3388671875 0.0576171875 0.26171875
0 0.8017578125 0.0400390625 0.076171875 0.0791015625
0 0.498046875 0.083984375 0.052734375 0.056640625
0 0.3330078125 0.1435546875 0.0439453125 0.0634765625
0 0.166015625 0.0498046875 0.08203125 0.08203125
0 0.0263671875 0.2041015625 0.0283203125 0.0244140625