4 0.0712890625 0.7412109375 0.1416015625 0.5087890625
4 0.8603515625 0.5927734375 0.2763671875 0.806640625
2 0.814453125 0.494140625 0.369140625 0.984375
2 0.1318359375 0.494140625 0.2626953125 0.982421875
2 0.48046875 0.599609375 0.1376953125 0.787109375
2 0.3818359375 0.298828125 0.044921875 0.23046875
2 0.32421875 0.3017578125 0.0400390625 0.2265625
2 0.28515625 0.25 0.0205078125 0.12890625
2 0.216796875 0.23828125 0.0205078125 0.1162109375
3 0.4794921875 0.4345703125 0.103515625 0.208984375
3 0.3798828125 0.2626953125 0.03515625 0.109375
3 0.32421875 0.2685546875 0.0302734375 0.078125
3 0.2841796875 0.2216796875 0.0126953125 0.02734375
3 0.2177734375 0.2138671875 0.015625 0.037109375
1 0.45703125 0.2763671875 0.05859375 0.1220703125
1 0.3837890625 0.19921875 0.0205078125 0.03515625
1 0.3251953125 0.20703125 0.017578125 0.0361328125
1 0.2822265625 0.197265625 0.0146484375 0.025390625
1 0.2138671875 0.185546875 0.0126953125 0.0185546875
0 0.103515625 0.197265625 0.20703125 0.3935546875