4 0.3291015625 0.4482421875 0.1240234375 0.37109375
4 0.423828125 0.3671875 0.091796875 0.3154296875
2 0.3779296875 0.564453125 0.224609375 0.861328125
2 0.650390625 0.7001953125 0.2734375 0.5859375
2 0.2119140625 0.2314453125 0.0478515625 0.150390625
2 0.3154296875 0.20703125 0.0517578125 0.173828125
2 0.439453125 0.255859375 0.1015625 0.40234375
3 0.58984375 0.6953125 0.1435546875 0.2802734375
3 0.2119140625 0.2373046875 0.0341796875 0.0966796875
3 0.314453125 0.193359375 0.0390625 0.0869140625
1 0.5791015625 0.4423828125 0.0703125 0.076171875
1 0.388671875 0.1748046875 0.0615234375 0.07421875
1 0.4345703125 0.1005859375 0.0556640625 0.078125