4 0.28515625 0.4482421875 0.083984375 0.2041015625
4 0.376953125 0.4404296875 0.0546875 0.1474609375
2 0.291015625 0.546875 0.107421875 0.5205078125
2 0.376953125 0.4921875 0.078125 0.3486328125
2 0.1044921875 0.5263671875 0.068359375 0.322265625
2 0.982421875 0.482421875 0.0341796875 0.2294921875
2 0.4580078125 0.4921875 0.0693359375 0.3583984375
2 0.1689453125 0.4658203125 0.021484375 0.1142578125
3 0.986328125 0.4365234375 0.025390625 0.0791015625
3 0.45703125 0.44140625 0.052734375 0.138671875
3 0.103515625 0.4697265625 0.060546875 0.130859375
3 0.1689453125 0.4501953125 0.0146484375 0.0498046875
1 0.4580078125 0.3447265625 0.0302734375 0.0546875
1 0.3837890625 0.3466796875 0.0263671875 0.0498046875
1 0.2978515625 0.3154296875 0.0400390625 0.0556640625
1 0.16796875 0.4189453125 0.009765625 0.0166015625
1 0.099609375 0.388671875 0.02734375 0.046875
1 0.9873046875 0.3818359375 0.0244140625 0.033203125