4 0.5302734375 0.7001953125 0.154296875 0.3203125
4 0.2333984375 0.7138671875 0.1845703125 0.365234375
4 0.7705078125 0.7470703125 0.21484375 0.4443359375
4 0.4013671875 0.8154296875 0.1455078125 0.330078125
2 0.55078125 0.6923828125 0.2001953125 0.603515625
2 0.765625 0.67578125 0.2255859375 0.634765625
2 0.22265625 0.6923828125 0.22265625 0.6015625
2 0.3916015625 0.755859375 0.1630859375 0.482421875
0 0.7431640625 0.4208984375 0.1181640625 0.1123046875
0 0.515625 0.439453125 0.1015625 0.1064453125
0 0.3984375 0.5595703125 0.0927734375 0.0859375
0 0.251953125 0.4365234375 0.1083984375 0.0947265625