4 0.30078125 0.408203125 0.09765625 0.220703125
4 0.111328125 0.408203125 0.13671875 0.2509765625
4 0.7197265625 0.423828125 0.126953125 0.2099609375
4 0.494140625 0.4345703125 0.1201171875 0.21875
4 0.3740234375 0.4453125 0.126953125 0.2333984375
4 0.212890625 0.4609375 0.126953125 0.23046875
4 0.8408203125 0.462890625 0.17578125 0.2568359375
4 0.6064453125 0.5048828125 0.1142578125 0.236328125
2 0.8349609375 0.591796875 0.1904296875 0.744140625
2 0.11328125 0.5341796875 0.13671875 0.7275390625
2 0.72265625 0.5380859375 0.1484375 0.662109375
2 0.4990234375 0.53125 0.134765625 0.6298828125
2 0.21484375 0.560546875 0.126953125 0.671875
2 0.611328125 0.5849609375 0.125 0.6220703125
2 0.3798828125 0.5390625 0.1318359375 0.6494140625
2 0.2998046875 0.5244140625 0.09765625 0.671875
0 0.3759765625 0.2451171875 0.0576171875 0.056640625
0 0.1337890625 0.2001953125 0.0576171875 0.0576171875
0 0.4892578125 0.251953125 0.0595703125 0.05859375
0 0.3037109375 0.2177734375 0.0517578125 0.0517578125
0 0.8212890625 0.2587890625 0.07421875 0.0751953125
0 0.7275390625 0.2392578125 0.056640625 0.0556640625
0 0.2099609375 0.2607421875 0.068359375 0.0703125
0 0.5986328125 0.3076171875 0.0576171875 0.0576171875