4 0.080078125 0.5478515625 0.080078125 0.1875
4 0.185546875 0.607421875 0.0908203125 0.197265625
4 0.2919921875 0.619140625 0.076171875 0.1875
4 0.3916015625 0.619140625 0.0859375 0.193359375
4 0.521484375 0.623046875 0.09375 0.171875
4 0.626953125 0.61328125 0.0703125 0.1826171875
4 0.724609375 0.623046875 0.080078125 0.1923828125
4 0.8310546875 0.60546875 0.0888671875 0.177734375
4 0.9462890625 0.560546875 0.099609375 0.1767578125
2 0.072265625 0.6630859375 0.14453125 0.630859375
2 0.9296875 0.6689453125 0.140625 0.638671875
2 0.3916015625 0.7041015625 0.1328125 0.546875
2 0.509765625 0.7041015625 0.123046875 0.546875
2 0.1845703125 0.6943359375 0.1328125 0.5625
2 0.2861328125 0.697265625 0.1123046875 0.548828125
2 0.623046875 0.7001953125 0.119140625 0.5546875
2 0.7119140625 0.703125 0.134765625 0.552734375
2 0.8212890625 0.69921875 0.119140625 0.568359375
1 0.9345703125 0.4052734375 0.080078125 0.1123046875
1 0.8193359375 0.4619140625 0.052734375 0.0888671875
1 0.7197265625 0.4814453125 0.0625 0.1123046875
1 0.6279296875 0.4638671875 0.0712890625 0.0810546875
1 0.5185546875 0.474609375 0.076171875 0.08203125
1 0.3896484375 0.474609375 0.064453125 0.08203125
1 0.27734375 0.466796875 0.0927734375 0.0927734375
1 0.189453125 0.458984375 0.0732421875 0.083984375
1 0.0849609375 0.400390625 0.0810546875 0.103515625