4 0.080078125 0.4580078125 0.16015625 0.322265625
4 0.3125 0.458984375 0.162109375 0.3173828125
4 0.515625 0.4638671875 0.1748046875 0.28125
4 0.7080078125 0.4521484375 0.1591796875 0.3017578125
4 0.9228515625 0.3974609375 0.142578125 0.384765625
2 0.296875 0.548828125 0.150390625 0.6201171875
2 0.6953125 0.5419921875 0.1591796875 0.662109375
2 0.07421875 0.5419921875 0.1484375 0.6591796875
2 0.501953125 0.5439453125 0.162109375 0.6044921875
2 0.916015625 0.490234375 0.166015625 0.802734375
0 0.296875 0.29296875 0.06640625 0.107421875
0 0.0380859375 0.28125 0.07421875 0.1279296875
0 0.900390625 0.1572265625 0.0888671875 0.13671875
0 0.50390625 0.28515625 0.0595703125 0.0869140625
0 0.69921875 0.2724609375 0.0654296875 0.1181640625