4 0.1748046875 0.3740234375 0.109375 0.3515625
4 0.3125 0.3916015625 0.0966796875 0.2548828125
4 0.703125 0.392578125 0.0966796875 0.2294921875
4 0.431640625 0.3994140625 0.0859375 0.2001953125
4 0.5537109375 0.46875 0.099609375 0.2216796875
4 0.865234375 0.546875 0.091796875 0.267578125
2 0.5517578125 0.51171875 0.123046875 0.5048828125
2 0.849609375 0.6064453125 0.1484375 0.59375
2 0.3046875 0.462890625 0.1435546875 0.599609375
2 0.4287109375 0.474609375 0.1064453125 0.5341796875
2 0.693359375 0.494140625 0.1455078125 0.6513671875
2 0.189453125 0.490234375 0.1455078125 0.8671875
0 0.439453125 0.25390625 0.0439453125 0.083984375
0 0.333984375 0.2080078125 0.0458984375 0.0849609375
0 0.189453125 0.1279296875 0.068359375 0.1279296875
0 0.568359375 0.2890625 0.0400390625 0.056640625
0 0.8798828125 0.3486328125 0.0517578125 0.07421875
0 0.71484375 0.203125 0.0419921875 0.064453125