4 0.1171875 0.2919921875 0.0947265625 0.171875
4 0.3935546875 0.2705078125 0.09375 0.14453125
2 0.140625 0.302734375 0.14453125 0.31640625
2 0.384765625 0.326171875 0.1259765625 0.3564453125
2 0.931640625 0.470703125 0.1337890625 0.251953125
2 0.6103515625 0.642578125 0.1162109375 0.4052734375
3 0.625 0.5751953125 0.0732421875 0.2099609375
3 0.9501953125 0.416015625 0.083984375 0.130859375
0 0.576171875 0.4755859375 0.048828125 0.0654296875
0 0.8837890625 0.3857421875 0.0322265625 0.07421875
0 0.4208984375 0.185546875 0.046875 0.0625
0 0.1533203125 0.1884765625 0.0654296875 0.0810546875