4 0.4296875 0.388671875 0.15625 0.265625
4 0.6337890625 0.404296875 0.1318359375 0.265625
4 0.8603515625 0.4658203125 0.154296875 0.423828125
4 0.1357421875 0.5693359375 0.2080078125 0.61328125
2 0.1845703125 0.51171875 0.3193359375 0.9501953125
2 0.427734375 0.3544921875 0.1669921875 0.4423828125
2 0.8017578125 0.3818359375 0.2900390625 0.6181640625
2 0.634765625 0.326171875 0.1767578125 0.4443359375
0 0.818359375 0.154296875 0.095703125 0.1572265625
0 0.630859375 0.173828125 0.0947265625 0.115234375
0 0.4052734375 0.1826171875 0.0615234375 0.091796875
0 0.11328125 0.1181640625 0.150390625 0.1650390625