4 0.080078125 0.5478515625 0.080078125 0.1875
4 0.185546875 0.607421875 0.0908203125 0.197265625
4 0.2919921875 0.619140625 0.076171875 0.1875
4 0.3916015625 0.619140625 0.0859375 0.193359375
4 0.521484375 0.623046875 0.09375 0.171875
4 0.626953125 0.61328125 0.0703125 0.1826171875
4 0.724609375 0.623046875 0.080078125 0.1923828125
4 0.8310546875 0.60546875 0.0888671875 0.177734375
4 0.9462890625 0.560546875 0.099609375 0.1767578125
2 0.072265625 0.6640625 0.14453125 0.6328125
2 0.9296875 0.6689453125 0.140625 0.638671875
2 0.390625 0.7041015625 0.1328125 0.546875
2 0.509765625 0.7041015625 0.123046875 0.546875
2 0.1845703125 0.6943359375 0.1328125 0.5625
2 0.623046875 0.7001953125 0.119140625 0.5546875
2 0.2861328125 0.697265625 0.1123046875 0.548828125
2 0.7109375 0.703125 0.1357421875 0.552734375
2 0.822265625 0.7001953125 0.119140625 0.568359375
1 0.9296875 0.4033203125 0.0703125 0.107421875
1 0.818359375 0.45703125 0.052734375 0.0791015625
1 0.7197265625 0.4619140625 0.0625 0.07421875
1 0.630859375 0.466796875 0.0595703125 0.0810546875
1 0.5146484375 0.470703125 0.056640625 0.083984375
1 0.390625 0.4736328125 0.05078125 0.0791015625
1 0.27734375 0.466796875 0.0927734375 0.0927734375
1 0.0859375 0.39453125 0.072265625 0.0908203125
1 0.1865234375 0.45703125 0.0546875 0.08203125