3 0.7509765625 0.7470703125 0.115234375 0.41015625
3 0.5478515625 0.755859375 0.142578125 0.4482421875
2 0.8837890625 0.646484375 0.23046875 0.6904296875
2 0.7607421875 0.6650390625 0.1845703125 0.658203125
2 0.3994140625 0.6591796875 0.2119140625 0.6591796875
2 0.5205078125 0.6845703125 0.23046875 0.6123046875
3 0.44140625 0.6650390625 0.140625 0.3056640625
3 0.8876953125 0.7998046875 0.21875 0.3828125
0 0.4697265625 0.3935546875 0.064453125 0.0986328125
0 0.560546875 0.4443359375 0.0947265625 0.126953125
0 0.7568359375 0.3916015625 0.123046875 0.119140625
0 0.9013671875 0.4306640625 0.197265625 0.2470703125