3 0.9677734375 0.529296875 0.064453125 0.23828125
3 0.4306640625 0.537109375 0.1533203125 0.3515625
3 0.2265625 0.556640625 0.1943359375 0.4697265625
3 0.5478515625 0.5712890625 0.078125 0.25
3 0.8427734375 0.57421875 0.1513671875 0.3984375
3 0.642578125 0.5888671875 0.099609375 0.26171875
2 0.2685546875 0.5634765625 0.294921875 0.8701171875
2 0.642578125 0.6611328125 0.1259765625 0.67578125
2 0.849609375 0.599609375 0.212890625 0.798828125
2 0.4345703125 0.59375 0.169921875 0.8125
2 0.962890625 0.6005859375 0.07421875 0.5205078125
2 0.54296875 0.6513671875 0.1181640625 0.6943359375
2 0.1630859375 0.6025390625 0.134765625 0.7890625
0 0.841796875 0.2451171875 0.1181640625 0.0859375
0 0.455078125 0.2353515625 0.1044921875 0.08984375
0 0.650390625 0.3642578125 0.0888671875 0.08203125
0 0.53515625 0.3427734375 0.0888671875 0.0703125
0 0.2783203125 0.177734375 0.1240234375 0.1025390625
0 0.1884765625 0.2529296875 0.0927734375 0.08984375