4 0.5146484375 0.421875 0.0390625 0.080078125
4 0.56640625 0.4375 0.033203125 0.0830078125
4 0.6357421875 0.4375 0.041015625 0.080078125
4 0.6923828125 0.451171875 0.033203125 0.0849609375
2 0.634765625 0.46484375 0.0458984375 0.197265625
2 0.5673828125 0.470703125 0.03515625 0.1962890625
2 0.513671875 0.447265625 0.0400390625 0.1845703125
2 0.69140625 0.47265625 0.03125 0.181640625
1 0.6962890625 0.3935546875 0.013671875 0.0234375
1 0.6357421875 0.3818359375 0.0126953125 0.0263671875
1 0.515625 0.3681640625 0.01171875 0.0234375
1 0.568359375 0.3857421875 0.0126953125 0.025390625