4 0.740234375 0.60546875 0.1376953125 0.3388671875
4 0.5673828125 0.607421875 0.126953125 0.341796875
3 0.404296875 0.62890625 0.1318359375 0.341796875
4 0.873046875 0.6318359375 0.1533203125 0.3583984375
3 0.306640625 0.673828125 0.1435546875 0.330078125
3 0.1875 0.7412109375 0.1669921875 0.3779296875
3 0.5029296875 0.744140625 0.1533203125 0.294921875
2 0.1884765625 0.69140625 0.1669921875 0.6025390625
2 0.87109375 0.6455078125 0.1572265625 0.6943359375
2 0.7353515625 0.634765625 0.1376953125 0.7138671875
2 0.3076171875 0.673828125 0.146484375 0.6474609375
2 0.5703125 0.640625 0.154296875 0.7109375
2 0.408203125 0.658203125 0.1337890625 0.677734375
2 0.505859375 0.734375 0.1533203125 0.51953125
0 0.8583984375 0.34375 0.068359375 0.0908203125
0 0.740234375 0.318359375 0.05859375 0.0791015625
0 0.552734375 0.326171875 0.068359375 0.08984375
1 0.185546875 0.48046875 0.060546875 0.1708984375
1 0.3125 0.423828125 0.056640625 0.1494140625
1 0.4052734375 0.3984375 0.0537109375 0.1484375
1 0.49609375 0.560546875 0.05078125 0.1513671875