3 0.3408203125 0.4921875 0.173828125 0.306640625
3 0.6767578125 0.642578125 0.318359375 0.4306640625
2 0.6533203125 0.4951171875 0.404296875 0.990234375
2 0.3251953125 0.466796875 0.2431640625 0.6328125
2 0.4453125 0.4794921875 0.22265625 0.658203125
2 0.3369140625 0.21875 0.197265625 0.31640625
2 0.8974609375 0.4970703125 0.203125 0.984375
2 0.0849609375 0.3779296875 0.16796875 0.326171875
3 0.927734375 0.787109375 0.1259765625 0.42578125
3 0.0634765625 0.4423828125 0.1240234375 0.1376953125
3 0.460639412109375 0.448439873046875 0.3895555546875 0.589863923828125 0.367016771484375 0.72997468359375 0.3904213828125 0.758784810546875 0.445035638671875 0.79282911328125 0.51352201171875 0.758784810546875 0.51612159375 0.673667720703125 0.5213228515625 0.509987341796875 0.55982599609375 0.448487341796875 0.50485115234375 0.454987341796875 0.465842767578125 0.39737341796875 0.460639412109375 0.448439873046875
1 0.0302734375 0.2919921875 0.060546875 0.1484375
1 0.2978515625 0.2548828125 0.109375 0.193359375
1 0.302734375 0.107421875 0.1171875 0.0947265625
1 0.5849609375 0.236328125 0.236328125 0.4580078125
1 0.8994140625 0.130859375 0.201171875 0.25390625