4 0.2314453125 0.498046875 0.154296875 0.4208984375
4 0.6689453125 0.4912109375 0.1484375 0.3955078125
2 0.65625 0.58203125 0.240234375 0.8125
2 0.234375 0.5791015625 0.1904296875 0.826171875
2 0.349609375 0.3359375 0.0244140625 0.1025390625
2 0.30859375 0.3330078125 0.021484375 0.095703125
3 0.3505859375 0.3125 0.015625 0.033203125
3 0.3095703125 0.3203125 0.0146484375 0.03125
1 0.6416015625 0.240234375 0.0693359375 0.1328125
1 0.2333984375 0.2265625 0.0810546875 0.1201171875
1 0.3515625 0.2939453125 0.0107421875 0.017578125
1 0.30859375 0.296875 0.0087890625 0.0166015625