3 0.5537109375 0.3994140625 0.22265625 0.3759765625
4 0.8818359375 0.435546875 0.158203125 0.4052734375
4 0.177734375 0.482421875 0.17578125 0.390625
4 0.7109375 0.4873046875 0.1845703125 0.4140625
3 0.3408203125 0.53515625 0.1923828125 0.373046875
2 0.5556640625 0.5107421875 0.2744140625 0.9580078125
2 0.8759765625 0.533203125 0.1552734375 0.919921875
2 0.1826171875 0.5595703125 0.177734375 0.8671875
2 0.3427734375 0.6025390625 0.1953125 0.76953125
2 0.724609375 0.533203125 0.17578125 0.9111328125
1 0.865234375 0.15625 0.076171875 0.1748046875
0 0.716796875 0.138671875 0.09375 0.123046875
1 0.369140625 0.287109375 0.0791015625 0.138671875
1 0.5341796875 0.1171875 0.0771484375 0.1689453125
1 0.201171875 0.2109375 0.0791015625 0.1591796875