4 0.90234375 0.3935546875 0.0595703125 0.16015625
4 0.7734375 0.41796875 0.0673828125 0.1826171875
4 0.3564453125 0.46875 0.05859375 0.1376953125
4 0.1611328125 0.5712890625 0.087890625 0.2666015625
2 0.91796875 0.470703125 0.1064453125 0.4599609375
2 0.185546875 0.654296875 0.1396484375 0.6337890625
2 0.751953125 0.525390625 0.1220703125 0.61328125
2 0.525390625 0.478515625 0.0712890625 0.3623046875
2 0.3701171875 0.546875 0.1025390625 0.435546875
2 0.47265625 0.4990234375 0.068359375 0.400390625
2 0.4228515625 0.51953125 0.0791015625 0.4111328125
2 0.4384765625 0.5185546875 0.05859375 0.404296875
4 0.5126953125 0.43359375 0.041015625 0.150390625
4 0.4658203125 0.447265625 0.044921875 0.1591796875
4 0.43359375 0.4619140625 0.0615234375 0.1669921875
0 0.162109375 0.37890625 0.0703125 0.076171875
0 0.75 0.2568359375 0.0546875 0.0751953125
0 0.8896484375 0.267578125 0.0400390625 0.056640625
0 0.349609375 0.3544921875 0.044921875 0.052734375
0 0.4296875 0.341796875 0.0380859375 0.0478515625
0 0.521484375 0.3173828125 0.02734375 0.03515625
0 0.458984375 0.3203125 0.033203125 0.0400390625
0 0.40234375 0.3369140625 0.025390625 0.03515625