4 0.73046875 0.4150390625 0.0908203125 0.18359375
4 0.5634765625 0.43359375 0.072265625 0.1513671875
4 0.44921875 0.4580078125 0.0751953125 0.1650390625
4 0.244140625 0.46484375 0.0517578125 0.150390625
4 0.171875 0.4833984375 0.060546875 0.111328125
2 0.5810546875 0.4970703125 0.1416015625 0.431640625
2 0.734375 0.478515625 0.1220703125 0.484375
2 0.4560546875 0.509765625 0.103515625 0.41015625
2 0.2568359375 0.5126953125 0.0810546875 0.3779296875
2 0.3603515625 0.5380859375 0.091796875 0.3623046875
2 0.1796875 0.521484375 0.08203125 0.3544921875
2 0.107421875 0.55859375 0.07421875 0.25390625
4 0.3701171875 0.4990234375 0.068359375 0.1650390625
0 0.71484375 0.2607421875 0.0400390625 0.0439453125
0 0.56640625 0.3017578125 0.0400390625 0.0439453125
0 0.4501953125 0.3271484375 0.046875 0.0390625
0 0.376953125 0.3798828125 0.04296875 0.044921875
0 0.25390625 0.34375 0.0478515625 0.044921875
0 0.177734375 0.365234375 0.03515625 0.041015625