4 0.072265625 0.8369140625 0.1435546875 0.3232421875
4 0.65625 0.84765625 0.17578125 0.2998046875
2 0.091796875 0.71484375 0.181640625 0.5595703125
2 0.6513671875 0.7509765625 0.189453125 0.4892578125
2 0.4150390625 0.869140625 0.142578125 0.2587890625
2 0.2802734375 0.9365234375 0.041015625 0.1240234375
2 0.8125 0.9619140625 0.037109375 0.0751953125
2 0.33203125 0.9287109375 0.0478515625 0.140625
1 0.603515625 0.6005859375 0.0771484375 0.173828125
1 0.1015625 0.5576171875 0.1318359375 0.2470703125
1 0.408203125 0.802734375 0.0537109375 0.1240234375
1 0.3486328125 0.8798828125 0.0126953125 0.033203125
1 0.283203125 0.8916015625 0.0107421875 0.0283203125
3 0.3369140625 0.9130859375 0.0244140625 0.037109375
3 0.28125 0.9404296875 0.0224609375 0.056640625