4 0.263671875 0.4892578125 0.1220703125 0.275390625
4 0.54296875 0.4833984375 0.1025390625 0.2607421875
2 0.2236328125 0.609375 0.2451171875 0.7724609375
2 0.50390625 0.6142578125 0.2236328125 0.759765625
2 0.34765625 0.67578125 0.041015625 0.2373046875
2 0.1494140625 0.6767578125 0.0224609375 0.080078125
3 0.349609375 0.64453125 0.0380859375 0.1181640625
3 0.150390625 0.666015625 0.015625 0.04296875
1 0.5341796875 0.2998046875 0.05078125 0.115234375
1 0.275390625 0.287109375 0.0556640625 0.115234375
1 0.3505859375 0.572265625 0.0146484375 0.0302734375