4 0.7490234375 0.6181640625 0.501953125 0.763671875
4 0.099609375 0.630859375 0.0830078125 0.3779296875
4 0.3828125 0.6572265625 0.3017578125 0.685546875
4 0.166015625 0.666015625 0.15625 0.4921875
4 0.2314453125 0.7119140625 0.181640625 0.576171875
2 0.7470703125 0.50390625 0.505859375 0.9921875
2 0.3955078125 0.5966796875 0.2861328125 0.806640625
2 0.2568359375 0.62890625 0.138671875 0.7421875
2 0.1796875 0.6708984375 0.1044921875 0.658203125
2 0.1064453125 0.685546875 0.080078125 0.62890625
1 0.365234375 0.328125 0.1318359375 0.2265625
1 0.6953125 0.1884765625 0.1982421875 0.365234375
1 0.1708984375 0.423828125 0.099609375 0.1484375
1 0.10546875 0.435546875 0.0703125 0.1044921875
1 0.2607421875 0.4150390625 0.103515625 0.1728515625
1 0.26171875 0.4189453125 0.095703125 0.1806640625