4 0.3310546875 0.6767578125 0.083984375 0.236328125
2 0.07421875 0.81640625 0.111328125 0.3623046875
2 0.359375 0.728515625 0.134765625 0.5361328125
2 0.763671875 0.4794921875 0.064453125 0.322265625
2 0.6953125 0.5224609375 0.087890625 0.447265625
3 0.0654296875 0.791015625 0.0556640625 0.162109375
3 0.697265625 0.4638671875 0.056640625 0.1611328125
3 0.7666015625 0.412109375 0.048828125 0.1123046875
1 0.6845703125 0.34765625 0.05078125 0.0986328125
1 0.3349609375 0.5048828125 0.0537109375 0.091796875
1 0.080078125 0.6708984375 0.0400390625 0.064453125
1 0.7626953125 0.3369140625 0.0283203125 0.0390625