4 0.2607421875 0.37890625 0.0439453125 0.0888671875
4 0.1025390625 0.423828125 0.064453125 0.1416015625
4 0.4873046875 0.564453125 0.23046875 0.29296875
4 0.763671875 0.6474609375 0.263671875 0.494140625
2 0.7431640625 0.51953125 0.3154296875 0.7626953125
2 0.453125 0.505859375 0.298828125 0.58984375
2 0.1025390625 0.4716796875 0.07421875 0.357421875
2 0.2626953125 0.408203125 0.0439453125 0.1962890625
0 0.697265625 0.201171875 0.146484375 0.1318359375
0 0.4765625 0.26953125 0.126953125 0.1220703125
0 0.267578125 0.328125 0.021484375 0.0322265625
0 0.0908203125 0.3125 0.046875 0.0400390625