3 0.79296875 0.3515625 0.1875 0.244140625
3 0.494140625 0.4287109375 0.1162109375 0.1640625
3 0.34765625 0.31640625 0.1513671875 0.2197265625
4 0.212890625 0.3544921875 0.16796875 0.2890625
2 0.798828125 0.5751953125 0.34765625 0.826171875
2 0.3681640625 0.46875 0.1640625 0.6962890625
2 0.1923828125 0.5283203125 0.2587890625 0.7353515625
2 0.5107421875 0.5654296875 0.271484375 0.43359375
2 0.3603515625 0.1630859375 0.048828125 0.1298828125
1 0.1552734375 0.2158203125 0.072265625 0.099609375
1 0.3154296875 0.162109375 0.0458984375 0.080078125
1 0.357421875 0.1181640625 0.044921875 0.0380859375
1 0.55078125 0.3916015625 0.046875 0.072265625
1 0.751953125 0.220703125 0.0869140625 0.0986328125