4 0.3525390625 0.5458984375 0.181640625 0.3408203125
4 0.0498046875 0.56640625 0.064453125 0.1162109375
4 0.5517578125 0.568359375 0.064453125 0.1806640625
4 0.6669921875 0.490234375 0.1181640625 0.228515625
4 0.794921875 0.5029296875 0.078125 0.21484375
2 0.349609375 0.6005859375 0.2001953125 0.7783203125
2 0.6728515625 0.6416015625 0.1416015625 0.6962890625
2 0.05078125 0.6298828125 0.072265625 0.34765625
2 0.796875 0.6416015625 0.1103515625 0.671875
2 0.55078125 0.609375 0.06640625 0.3544921875
0 0.7822265625 0.35546875 0.0615234375 0.0908203125
0 0.6787109375 0.333984375 0.0595703125 0.09765625
0 0.544921875 0.4619140625 0.0302734375 0.056640625
0 0.34765625 0.2607421875 0.078125 0.09375
0 0.041015625 0.4814453125 0.029296875 0.0556640625