3 0.8369140625 0.4794921875 0.0693359375 0.16796875
3 0.5 0.4833984375 0.111328125 0.2734375
3 0.669921875 0.513671875 0.0703125 0.18359375
3 0.3369140625 0.5234375 0.0869140625 0.3017578125
2 0.5263671875 0.5732421875 0.275390625 0.763671875
2 0.341796875 0.6044921875 0.123046875 0.7822265625
2 0.837890625 0.5283203125 0.09765625 0.4638671875
2 0.66796875 0.5615234375 0.103515625 0.537109375
2 0.78515625 0.498046875 0.0693359375 0.4150390625
2 0.947265625 0.43359375 0.037109375 0.1591796875
2 0.70703125 0.498046875 0.0595703125 0.4091796875
2 0.9169921875 0.427734375 0.037109375 0.15625
2 0.5634765625 0.349609375 0.0634765625 0.16796875
3 0.951171875 0.4052734375 0.0283203125 0.0517578125
3 0.91796875 0.40234375 0.0283203125 0.0546875
3 0.7880859375 0.41796875 0.0615234375 0.0986328125
3 0.7041015625 0.400390625 0.0556640625 0.064453125
0 0.349609375 0.255859375 0.08203125 0.0849609375
0 0.4921875 0.228515625 0.0673828125 0.0634765625
0 0.55078125 0.28515625 0.037109375 0.0390625
0 0.64453125 0.3310546875 0.05078125 0.0791015625
0 0.7001953125 0.318359375 0.0341796875 0.0517578125
0 0.78515625 0.3095703125 0.0380859375 0.052734375
0 0.8349609375 0.322265625 0.052734375 0.044921875
1 0.94921875 0.3623046875 0.0166015625 0.0224609375
1 0.91796875 0.36328125 0.0146484375 0.0263671875