3 0.599609375 0.4482421875 0.091796875 0.1953125
3 0.302734375 0.498046875 0.1748046875 0.3408203125
3 0.7578125 0.4990234375 0.1181640625 0.32421875
3 0.8876953125 0.5166015625 0.2138671875 0.4990234375
3 0.458984375 0.5302734375 0.19140625 0.376953125
3 0.130859375 0.5712890625 0.1669921875 0.35546875
2 0.4619140625 0.6171875 0.181640625 0.7490234375
2 0.2998046875 0.609375 0.162109375 0.7587890625
2 0.15234375 0.64453125 0.2099609375 0.6943359375
2 0.8828125 0.5341796875 0.216796875 0.8134765625
2 0.6044921875 0.517578125 0.1064453125 0.4365234375
2 0.7568359375 0.580078125 0.107421875 0.6376953125
1 0.8779296875 0.173828125 0.0869140625 0.091796875
1 0.755859375 0.291015625 0.0458984375 0.0537109375
1 0.5908203125 0.318359375 0.0302734375 0.03125
1 0.423828125 0.2841796875 0.0634765625 0.0791015625
1 0.279296875 0.259765625 0.0556640625 0.0615234375
1 0.1103515625 0.330078125 0.0634765625 0.0693359375