4 0.0927734375 0.5087890625 0.1103515625 0.3271484375
4 0.5126953125 0.5087890625 0.173828125 0.3271484375
4 0.7490234375 0.447265625 0.1337890625 0.1982421875
4 0.8798828125 0.384765625 0.1318359375 0.302734375
2 0.10546875 0.48828125 0.1376953125 0.61328125
2 0.8828125 0.431640625 0.146484375 0.6689453125
2 0.7431640625 0.373046875 0.1416015625 0.3583984375
2 0.517578125 0.4892578125 0.33203125 0.6025390625
0 0.857421875 0.189453125 0.0849609375 0.1787109375
0 0.716796875 0.2744140625 0.0703125 0.1533203125
0 0.5419921875 0.2685546875 0.083984375 0.1552734375
0 0.115234375 0.2705078125 0.083984375 0.173828125