3 0.41015625 0.318359375 0.1083984375 0.1630859375
3 0.603515625 0.3212890625 0.07421875 0.138671875
3 0.2568359375 0.3232421875 0.103515625 0.1552734375
3 0.6669921875 0.3251953125 0.111328125 0.1708984375
3 0.8525390625 0.328125 0.1220703125 0.1767578125
3 0.4658203125 0.333984375 0.05859375 0.1279296875
3 0.150390625 0.3408203125 0.11328125 0.15234375
3 0.5361328125 0.349609375 0.1025390625 0.1708984375
2 0.5380859375 0.4365234375 0.1171875 0.5009765625
2 0.8525390625 0.4169921875 0.1201171875 0.5087890625
2 0.6669921875 0.431640625 0.1416015625 0.521484375
2 0.2607421875 0.408203125 0.1162109375 0.4501953125
2 0.4140625 0.419921875 0.119140625 0.5029296875
2 0.15234375 0.44140625 0.1083984375 0.5009765625
2 0.4658203125 0.3876953125 0.0478515625 0.32421875
2 0.5986328125 0.3935546875 0.072265625 0.4072265625
1 0.8515625 0.2041015625 0.0458984375 0.0751953125
1 0.1455078125 0.2373046875 0.04296875 0.0888671875
1 0.244140625 0.2255859375 0.04296875 0.0751953125
1 0.4033203125 0.2099609375 0.041015625 0.0771484375
1 0.5458984375 0.2275390625 0.04296875 0.078125
1 0.6640625 0.2109375 0.0419921875 0.08203125
1 0.6064453125 0.2275390625 0.0322265625 0.076171875
1 0.45703125 0.255859375 0.025390625 0.0634765625