4 0.392578125 0.4912109375 0.15625 0.384765625
4 0.677734375 0.423828125 0.107421875 0.357421875
2 0.404296875 0.578125 0.1796875 0.837890625
2 0.685546875 0.548828125 0.1748046875 0.87890625
2 0.185546875 0.7314453125 0.0771484375 0.4638671875
2 0.109375 0.7998046875 0.107421875 0.384765625
3 0.1796875 0.65234375 0.056640625 0.16015625
3 0.12109375 0.7509765625 0.0654296875 0.1455078125
1 0.638671875 0.1611328125 0.0810546875 0.103515625
1 0.40625 0.220703125 0.0576171875 0.12890625
1 0.197265625 0.5322265625 0.0322265625 0.056640625
1 0.1298828125 0.6396484375 0.029296875 0.0517578125