2 0.8525390625 0.615234375 0.2529296875 0.7568359375
2 0.1494140625 0.6328125 0.2919921875 0.7275390625
2 0.7490234375 0.5478515625 0.16015625 0.287109375
2 0.6787109375 0.478515625 0.0478515625 0.25390625
2 0.3994140625 0.470703125 0.0712890625 0.3125
3 0.1357421875 0.6171875 0.216796875 0.451171875
4 0.857421875 0.6611328125 0.2158203125 0.4716796875
4 0.7451171875 0.482421875 0.0888671875 0.140625
4 0.677734375 0.4423828125 0.0390625 0.0810546875
4 0.404296875 0.4267578125 0.041015625 0.1181640625
0 0.8544921875 0.2841796875 0.1171875 0.0966796875
0 0.1728515625 0.3544921875 0.150390625 0.1796875
0 0.6767578125 0.369140625 0.0234375 0.0341796875
0 0.3955078125 0.3291015625 0.021484375 0.0234375