4 0.169921875 0.4345703125 0.1298828125 0.197265625
4 0.416015625 0.392578125 0.0888671875 0.197265625
4 0.69921875 0.376953125 0.095703125 0.2109375
4 0.5400390625 0.353515625 0.09375 0.1669921875
4 0.255859375 0.240234375 0.0595703125 0.1142578125
4 0.3623046875 0.25390625 0.048828125 0.080078125
3 0.837890625 0.3330078125 0.0732421875 0.126953125
2 0.166015625 0.556640625 0.2529296875 0.6591796875
2 0.6923828125 0.4833984375 0.1376953125 0.5888671875
2 0.41015625 0.517578125 0.1328125 0.576171875
2 0.5244140625 0.470703125 0.142578125 0.5576171875
2 0.8349609375 0.310546875 0.1044921875 0.193359375
2 0.2685546875 0.328125 0.0859375 0.39453125
2 0.064453125 0.189453125 0.048828125 0.1171875
2 0.478515625 0.216796875 0.056640625 0.150390625
2 0.4189453125 0.197265625 0.0498046875 0.134765625
2 0.681640625 0.0615234375 0.044921875 0.064453125
2 0.3662109375 0.2255859375 0.083984375 0.15625
2 0.15625 0.1904296875 0.072265625 0.111328125
0 0.671875 0.044921875 0.0234375 0.0283203125
0 0.849609375 0.2431640625 0.048828125 0.0517578125
1 0.1904296875 0.2890625 0.0673828125 0.123046875
1 0.4384765625 0.2802734375 0.0595703125 0.095703125
1 0.5615234375 0.2431640625 0.0576171875 0.0986328125
1 0.70703125 0.244140625 0.05859375 0.109375
1 0.2568359375 0.1640625 0.0361328125 0.0625
1 0.3544921875 0.1806640625 0.0341796875 0.0673828125
1 0.4658203125 0.171875 0.025390625 0.056640625
1 0.4189453125 0.1474609375 0.0224609375 0.033203125
1 0.1357421875 0.154296875 0.0302734375 0.0341796875
1 0.0615234375 0.150390625 0.025390625 0.033203125