4 0.205078125 0.4765625 0.1201171875 0.33203125
4 0.298828125 0.4501953125 0.12890625 0.3232421875
4 0.5205078125 0.4052734375 0.1484375 0.3193359375
4 0.7177734375 0.46484375 0.10546875 0.2265625
2 0.349609375 0.560546875 0.2001953125 0.80859375
2 0.232421875 0.5703125 0.2021484375 0.8408203125
2 0.5390625 0.451171875 0.2177734375 0.6513671875
2 0.728515625 0.439453125 0.0830078125 0.34375
0 0.5185546875 0.16796875 0.08984375 0.0927734375
0 0.7158203125 0.2900390625 0.0458984375 0.046875
0 0.2451171875 0.2041015625 0.1220703125 0.1123046875
0 0.326171875 0.2099609375 0.078125 0.10546875