4 0.181640625 0.578125 0.1533203125 0.294921875
4 0.337890625 0.658203125 0.142578125 0.2890625
4 0.541015625 0.6044921875 0.1220703125 0.2763671875
3 0.7177734375 0.517578125 0.1455078125 0.5361328125
3 0.291015625 0.3193359375 0.1767578125 0.115234375
4 0.427734375 0.564453125 0.0908203125 0.2421875
4 0.60546875 0.4990234375 0.0703125 0.2470703125
2 0.177734375 0.6474609375 0.201171875 0.701171875
2 0.33984375 0.6884765625 0.171875 0.623046875
2 0.5439453125 0.6630859375 0.1455078125 0.669921875
2 0.736328125 0.556640625 0.2080078125 0.869140625
2 0.43359375 0.642578125 0.123046875 0.673828125
2 0.296875 0.345703125 0.1748046875 0.380859375
2 0.6025390625 0.6171875 0.0908203125 0.7109375
2 0.482421875 0.35546875 0.087890625 0.189453125
2 0.439453125 0.2509765625 0.140625 0.2392578125
1 0.7197265625 0.203125 0.095703125 0.16015625
1 0.4501953125 0.1962890625 0.0859375 0.1318359375
1 0.294921875 0.2177734375 0.087890625 0.1240234375
1 0.181640625 0.357421875 0.083984375 0.119140625
1 0.3427734375 0.4501953125 0.083984375 0.1435546875
1 0.4111328125 0.369140625 0.0693359375 0.123046875
1 0.53125 0.39453125 0.0693359375 0.1259765625
1 0.4921875 0.318359375 0.0703125 0.111328125
4 0.4982015625 0.4593046875 0.5115234375 0.4507796875 0.5115234375 0.443853125 0.50779375 0.420940625 0.505128125 0.41135 0.502996875 0.4006921875 0.4896765625 0.414546875 0.481684375 0.4118828125 0.47049375 0.3879046875 0.46623125 0.3676578125 0.4646328125 0.3585984375 0.44491875 0.3719203125 0.4465171875 0.3942984375 0.4369265625 0.4054890625 0.4433203125 0.42626875 0.4614359375 0.443853125 0.479553125 0.455575 0.4886109375 0.460903125 0.4982015625 0.4593046875
3 0.4369265625 0.3207671875 0.44705 0.3612625 0.456640625 0.3676578125 0.465165625 0.3527375 0.4550421875 0.312775 0.438525 0.313840625 0.41774375 0.2973234375 0.42626875 0.2786734375 0.4289328125 0.2504328125 0.389503125 0.26215625 0.374584375 0.27920625 0.3687234375 0.298921875 0.3740515625 0.3154390625 0.3793796875 0.3260953125 0.40921875 0.3069140625 0.4246703125 0.307446875 0.4369265625 0.3207671875
1 0.5927734375 0.32421875 0.06640625 0.1171875