4 0.1591796875 0.3779296875 0.103515625 0.2890625
4 0.5419921875 0.3994140625 0.048828125 0.1875
4 0.396484375 0.4033203125 0.0625 0.1923828125
4 0.4736328125 0.412109375 0.09375 0.2529296875
4 0.5986328125 0.4326171875 0.0810546875 0.234375
4 0.3154296875 0.453125 0.09375 0.263671875
4 0.76953125 0.5830078125 0.107421875 0.2685546875
3 0.654296875 0.498046875 0.0732421875 0.1767578125
2 0.166015625 0.4912109375 0.1767578125 0.794921875
2 0.47265625 0.494140625 0.1435546875 0.623046875
2 0.7734375 0.630859375 0.125 0.5888671875
2 0.3193359375 0.509765625 0.142578125 0.595703125
2 0.587890625 0.505859375 0.109375 0.5185546875
2 0.6435546875 0.560546875 0.134765625 0.505859375
0 0.1708984375 0.1435546875 0.0625 0.0888671875
0 0.318359375 0.2490234375 0.046875 0.064453125
0 0.4765625 0.224609375 0.048828125 0.0849609375
0 0.607421875 0.2890625 0.041015625 0.0791015625
0 0.78515625 0.3974609375 0.0576171875 0.06640625
0 0.400390625 0.263671875 0.03515625 0.04296875
0 0.5341796875 0.2578125 0.03515625 0.0576171875