4 0.6552734375 0.6103515625 0.0634765625 0.154296875
4 0.44921875 0.6201171875 0.0908203125 0.2021484375
4 0.587890625 0.7001953125 0.078125 0.2353515625
4 0.3671875 0.701171875 0.1005859375 0.2412109375
4 0.244140625 0.703125 0.12109375 0.283203125
2 0.2421875 0.716796875 0.123046875 0.552734375
2 0.3583984375 0.734375 0.125 0.5224609375
2 0.4443359375 0.7060546875 0.1015625 0.5517578125
2 0.5771484375 0.740234375 0.1015625 0.5126953125
2 0.6552734375 0.6669921875 0.0703125 0.37890625
2 0.318359375 0.564453125 0.060546875 0.19921875
2 0.5390625 0.7275390625 0.0712890625 0.4873046875
4 0.525390625 0.666015625 0.044921875 0.1767578125
0 0.65234375 0.4951171875 0.0439453125 0.04296875
0 0.59765625 0.51953125 0.0615234375 0.0693359375
0 0.5400390625 0.5029296875 0.04296875 0.0341796875
0 0.4501953125 0.4560546875 0.044921875 0.05078125
0 0.3564453125 0.5068359375 0.0517578125 0.083984375
0 0.25390625 0.48046875 0.0703125 0.0751953125
0 0.3271484375 0.4853515625 0.0361328125 0.0556640625