4 0.568359375 0.216796875 0.048828125 0.0830078125
4 0.4169921875 0.2294921875 0.0517578125 0.1318359375
4 0.7734375 0.3427734375 0.14453125 0.20703125
4 0.23046875 0.3544921875 0.1435546875 0.20703125
2 0.7607421875 0.5185546875 0.2978515625 0.62890625
2 0.5673828125 0.2724609375 0.0791015625 0.2822265625
2 0.2529296875 0.5087890625 0.21875 0.4853515625
2 0.41796875 0.30078125 0.09375 0.3671875
2 0.0546875 0.26171875 0.0751953125 0.201171875
2 0.1318359375 0.283203125 0.0732421875 0.130859375
2 0.2763671875 0.1826171875 0.0830078125 0.1806640625
2 0.1435546875 0.189453125 0.0302734375 0.1103515625
2 0.4892578125 0.2109375 0.029296875 0.119140625
2 0.1865234375 0.2109375 0.044921875 0.1484375
2 0.830078125 0.2470703125 0.0966796875 0.0869140625
4 0.490234375 0.193359375 0.0224609375 0.05078125
4 0.845703125 0.2509765625 0.064453125 0.0556640625
4 0.2724609375 0.21484375 0.072265625 0.0849609375
4 0.1875 0.193359375 0.0419921875 0.0703125
4 0.1357421875 0.291015625 0.0595703125 0.11328125
4 0.0517578125 0.2041015625 0.06640625 0.064453125
4 0.14453125 0.1748046875 0.029296875 0.044921875
0 0.337890625 0.3193359375 0.0478515625 0.1005859375
0 0.658203125 0.251953125 0.087890625 0.095703125
0 0.572265625 0.1591796875 0.02734375 0.0439453125
0 0.7939453125 0.2216796875 0.0244140625 0.0361328125
0 0.4482421875 0.1494140625 0.03515625 0.060546875
0 0.29296875 0.1259765625 0.0498046875 0.0576171875
0 0.177734375 0.1494140625 0.0185546875 0.025390625
0 0.1474609375 0.1435546875 0.0107421875 0.015625
0 0.107421875 0.234375 0.0224609375 0.0302734375