4 0.5517578125 0.318359375 0.0419921875 0.1171875
4 0.376953125 0.349609375 0.048828125 0.1376953125
4 0.275390625 0.345703125 0.0595703125 0.130859375
4 0.607421875 0.365234375 0.052734375 0.146484375
4 0.501953125 0.375 0.0439453125 0.103515625
4 0.4423828125 0.35546875 0.0517578125 0.109375
2 0.2724609375 0.3994140625 0.0810546875 0.3798828125
2 0.376953125 0.380859375 0.072265625 0.294921875
2 0.443359375 0.3935546875 0.068359375 0.2626953125
2 0.498046875 0.396484375 0.0576171875 0.251953125
2 0.5439453125 0.384765625 0.0673828125 0.3046875
2 0.607421875 0.40234375 0.0751953125 0.328125
0 0.6015625 0.2587890625 0.02734375 0.0361328125
0 0.546875 0.2216796875 0.0234375 0.033203125
0 0.271484375 0.224609375 0.025390625 0.0283203125
0 0.4404296875 0.2744140625 0.021484375 0.0302734375
0 0.501953125 0.287109375 0.01953125 0.02734375
0 0.3837890625 0.2509765625 0.021484375 0.0302734375