4 0.4345703125 0.7265625 0.0849609375 0.23046875
2 0.7822265625 0.7392578125 0.21875 0.509765625
2 0.08203125 0.7734375 0.1630859375 0.443359375
2 0.564453125 0.765625 0.1875 0.4609375
2 0.2861328125 0.75390625 0.263671875 0.484375
2 0.44140625 0.751953125 0.1123046875 0.4609375
2 0.3857421875 0.642578125 0.05859375 0.2099609375
1 0.2744140625 0.6396484375 0.1572265625 0.255859375
1 0.0732421875 0.611328125 0.0888671875 0.1201171875
1 0.6015625 0.609375 0.09375 0.1455078125
1 0.76171875 0.5439453125 0.08203125 0.111328125
1 0.4404296875 0.5556640625 0.0322265625 0.0732421875
1 0.390625 0.5673828125 0.0380859375 0.0576171875