4 0.3642578125 0.43359375 0.076171875 0.2412109375
2 0.5556640625 0.4130859375 0.12890625 0.4677734375
2 0.373046875 0.5439453125 0.0908203125 0.6318359375
2 0.890625 0.2919921875 0.052734375 0.2607421875
2 0.4384765625 0.4638671875 0.091796875 0.37890625
2 0.119140625 0.5029296875 0.01171875 0.0390625
3 0.5859375 0.33984375 0.06640625 0.1416015625
3 0.8916015625 0.2431640625 0.0390625 0.0751953125
3 0.4296875 0.384765625 0.0615234375 0.119140625
3 0.119140625 0.4970703125 0.0087890625 0.017578125
1 0.376953125 0.2607421875 0.037109375 0.0693359375
1 0.578125 0.224609375 0.04296875 0.0859375
1 0.890625 0.177734375 0.03125 0.033203125
1 0.4384765625 0.2978515625 0.025390625 0.04296875