3 0.873046875 0.5361328125 0.177734375 0.521484375
3 0.228515625 0.568359375 0.1982421875 0.638671875
3 0.6328125 0.6318359375 0.2470703125 0.736328125
2 0.55859375 0.494140625 0.4775390625 0.98828125
2 0.859375 0.49609375 0.2158203125 0.9853515625
2 0.3974609375 0.5947265625 0.2158203125 0.7880859375
2 0.240234375 0.5029296875 0.2802734375 0.9716796875
3 0.3798828125 0.671875 0.1572265625 0.4775390625
0 0.8330078125 0.091796875 0.154296875 0.1630859375
0 0.5986328125 0.0849609375 0.1396484375 0.1640625
0 0.3525390625 0.2978515625 0.125 0.1904296875
0 0.3017578125 0.1240234375 0.15625 0.2109375