4 0.921875 0.25390625 0.078125 0.134765625
4 0.3486328125 0.328125 0.0341796875 0.0634765625
4 0.361328125 0.615234375 0.068359375 0.1025390625
4 0.7822265625 0.650390625 0.0771484375 0.1494140625
4 0.5732421875 0.6884765625 0.05859375 0.1474609375
2 0.591796875 0.6689453125 0.1044921875 0.2177734375
2 0.7724609375 0.671875 0.0966796875 0.3408203125
2 0.3671875 0.5947265625 0.091796875 0.1474609375
2 0.9208984375 0.322265625 0.0947265625 0.375
2 0.34375 0.3623046875 0.0576171875 0.212890625
2 0.4921875 0.361328125 0.0458984375 0.1962890625
3 0.4921875 0.3388671875 0.037109375 0.07421875
0 0.900390625 0.16015625 0.037109375 0.0478515625
0 0.7646484375 0.53125 0.0341796875 0.0517578125
0 0.6181640625 0.5869140625 0.0361328125 0.0498046875
0 0.349609375 0.26953125 0.017578125 0.021484375
0 0.3759765625 0.544921875 0.0341796875 0.046875
0 0.501953125 0.2744140625 0.017578125 0.017578125