4 0.7109375 0.40234375 0.1025390625 0.2890625
4 0.751953125 0.3525390625 0.1005859375 0.25390625
2 0.4072265625 0.578125 0.1953125 0.5234375
2 0.5810546875 0.7421875 0.0986328125 0.1669921875
2 0.689453125 0.533203125 0.162109375 0.7734375
2 0.7373046875 0.5 0.123046875 0.806640625
3 0.3671875 0.53515625 0.1103515625 0.142578125
3 0.5751953125 0.7783203125 0.0771484375 0.068359375
1 0.3720703125 0.369140625 0.0576171875 0.0947265625
1 0.66796875 0.1865234375 0.0498046875 0.078125
1 0.708984375 0.130859375 0.056640625 0.0693359375