4 0.31640625 0.4873046875 0.06640625 0.1669921875
4 0.390625 0.4921875 0.06640625 0.162109375
2 0.390625 0.580078125 0.083984375 0.4697265625
2 0.2353515625 0.6845703125 0.1533203125 0.6162109375
2 0.314453125 0.56640625 0.0771484375 0.4541015625
2 0.595703125 0.44140625 0.0341796875 0.1669921875
2 0.76953125 0.462890625 0.0380859375 0.25
2 0.8798828125 0.578125 0.091796875 0.33984375
2 0.708984375 0.4404296875 0.0419921875 0.169921875
2 0.8076171875 0.55859375 0.068359375 0.37109375
2 0.9462890625 0.62890625 0.0908203125 0.51953125
2 0.44140625 0.40234375 0.0380859375 0.1904296875
2 0.8359375 0.4345703125 0.0283203125 0.171875
2 0.484375 0.447265625 0.017578125 0.1025390625
3 0.2470703125 0.658203125 0.1005859375 0.2724609375
3 0.9501953125 0.5615234375 0.0849609375 0.240234375
3 0.875 0.5263671875 0.05078125 0.12890625
3 0.70703125 0.4208984375 0.025390625 0.0634765625
3 0.5947265625 0.4248046875 0.021484375 0.083984375
3 0.4404296875 0.37890625 0.0244140625 0.080078125
3 0.482421875 0.439453125 0.0146484375 0.0458984375
3 0.80078125 0.509765625 0.05078125 0.1513671875
3 0.7724609375 0.4326171875 0.0322265625 0.08984375
3 0.8359375 0.4013671875 0.0185546875 0.0556640625
1 0.22265625 0.4609375 0.0673828125 0.15625
1 0.38671875 0.3779296875 0.033203125 0.0654296875
1 0.3115234375 0.373046875 0.0283203125 0.0673828125
1 0.9501953125 0.421875 0.0478515625 0.0703125
1 0.87890625 0.435546875 0.0322265625 0.05078125
1 0.802734375 0.4013671875 0.02734375 0.0546875
1 0.7109375 0.3671875 0.013671875 0.0263671875
1 0.59375 0.3720703125 0.0166015625 0.0263671875
1 0.8369140625 0.3623046875 0.0146484375 0.0244140625
1 0.4833984375 0.404296875 0.0087890625 0.02734375
1 0.439453125 0.32421875 0.0146484375 0.0322265625
0 0.7734375 0.359375 0.025390625 0.037109375