3 0.572265625 0.3505859375 0.3046875 0.326171875
3 0.7734375 0.3681640625 0.2158203125 0.2607421875
3 0.39453125 0.3896484375 0.12890625 0.30078125
3 0.232421875 0.4072265625 0.25390625 0.3232421875
2 0.779296875 0.53515625 0.203125 0.8583984375
2 0.2294921875 0.5322265625 0.24609375 0.8544921875
2 0.4072265625 0.5361328125 0.1767578125 0.8388671875
2 0.5771484375 0.509765625 0.3095703125 0.9111328125
0 0.4267578125 0.1689453125 0.0869140625 0.0947265625
0 0.7861328125 0.150390625 0.0888671875 0.0771484375
0 0.2060546875 0.15625 0.0888671875 0.0869140625
0 0.552734375 0.0908203125 0.08984375 0.0712890625