4 0.3330078125 0.3603515625 0.1162109375 0.2294921875
2 0.921875 0.5068359375 0.154296875 0.6708984375
2 0.361328125 0.4677734375 0.1611328125 0.5927734375
2 0.1953125 0.505859375 0.1103515625 0.4833984375
2 0.5322265625 0.427734375 0.1220703125 0.640625
2 0.1416015625 0.4716796875 0.072265625 0.4990234375
3 0.9189453125 0.4326171875 0.1025390625 0.2451171875
1 0.9013671875 0.2314453125 0.0615234375 0.1025390625
1 0.533203125 0.1474609375 0.05078125 0.0732421875
1 0.3466796875 0.208984375 0.048828125 0.07421875
1 0.1748046875 0.3056640625 0.0341796875 0.0576171875
1 0.15234375 0.2646484375 0.0341796875 0.0771484375
3 0.1328125 0.384765625 0.0361328125 0.1416015625
3 0.1796875 0.4541015625 0.0703125 0.2041015625
3 0.5380859375 0.3046875 0.08203125 0.189453125