3 0.8603515625 0.4775390625 0.11328125 0.3232421875
3 0.1982421875 0.537109375 0.216796875 0.5185546875
3 0.7021484375 0.5810546875 0.18359375 0.505859375
2 0.287109375 0.5439453125 0.4345703125 0.892578125
2 0.8896484375 0.5888671875 0.2197265625 0.7822265625
2 0.6728515625 0.544921875 0.2412109375 0.8896484375
2 0.1142578125 0.33984375 0.146484375 0.3955078125
0 0.6455078125 0.166015625 0.12109375 0.1240234375
1 0.2412109375 0.189453125 0.1220703125 0.1689453125
1 0.15234375 0.2060546875 0.0654296875 0.1240234375
1 0.900390625 0.240234375 0.0771484375 0.0791015625