3 0.1318359375 0.482421875 0.1279296875 0.2578125
3 0.3798828125 0.4970703125 0.076171875 0.1796875
3 0.7724609375 0.5029296875 0.076171875 0.1494140625
3 0.6982421875 0.5224609375 0.076171875 0.15234375
3 0.8564453125 0.52734375 0.076171875 0.16796875
2 0.154296875 0.5927734375 0.173828125 0.69140625
2 0.7646484375 0.5673828125 0.087890625 0.4248046875
2 0.3857421875 0.564453125 0.103515625 0.44921875
2 0.8515625 0.5869140625 0.08203125 0.4404296875
2 0.6982421875 0.576171875 0.0859375 0.3623046875
0 0.169921875 0.28125 0.0634765625 0.07421875
0 0.853515625 0.3876953125 0.0439453125 0.0439453125
0 0.7822265625 0.3818359375 0.0419921875 0.048828125
0 0.7177734375 0.4150390625 0.037109375 0.0400390625
0 0.3916015625 0.37109375 0.0439453125 0.05859375