4 0.8818359375 0.345703125 0.1904296875 0.3232421875
4 0.634765625 0.3310546875 0.1767578125 0.296875
4 0.3681640625 0.3564453125 0.1953125 0.2998046875
4 0.125 0.3603515625 0.169921875 0.2919921875
2 0.1240234375 0.5166015625 0.248046875 0.9111328125
2 0.623046875 0.501953125 0.248046875 0.9326171875
2 0.8740234375 0.4951171875 0.25 0.921875
2 0.369140625 0.5185546875 0.2373046875 0.923828125
1 0.1376953125 0.099609375 0.0888671875 0.0703125
1 0.3740234375 0.09765625 0.08984375 0.0751953125
1 0.6357421875 0.06640625 0.0888671875 0.0654296875
1 0.87109375 0.0673828125 0.0927734375 0.0673828125