3 0.7998046875 0.44921875 0.1513671875 0.171875
3 0.478515625 0.455078125 0.12890625 0.2890625
3 0.626953125 0.4775390625 0.12890625 0.2119140625
3 0.322265625 0.5478515625 0.099609375 0.4033203125
3 0.15234375 0.6748046875 0.1845703125 0.4931640625
2 0.314453125 0.56640625 0.162109375 0.8515625
2 0.1767578125 0.5849609375 0.2392578125 0.814453125
2 0.7978515625 0.5419921875 0.2099609375 0.8935546875
2 0.474609375 0.55078125 0.169921875 0.8662109375
2 0.89453125 0.369140625 0.0712890625 0.29296875
2 0.623046875 0.5625 0.166015625 0.8359375
3 0.8935546875 0.43359375 0.0625 0.1328125
0 0.779296875 0.15625 0.0947265625 0.1171875
0 0.6103515625 0.2041015625 0.087890625 0.1123046875
0 0.4970703125 0.1806640625 0.0908203125 0.123046875
0 0.337890625 0.2041015625 0.08984375 0.1181640625
0 0.169921875 0.2578125 0.103515625 0.1396484375
0 0.89453125 0.2685546875 0.0615234375 0.0703125