4 0.232421875 0.369140625 0.099609375 0.2041015625
2 0.2568359375 0.474609375 0.1416015625 0.5791015625
2 0.646484375 0.4912109375 0.119140625 0.4912109375
2 0.4912109375 0.4326171875 0.091796875 0.474609375
2 0.0712890625 0.52734375 0.1044921875 0.4970703125
2 0.775390625 0.353515625 0.0185546875 0.10546875
3 0.0537109375 0.46484375 0.05078125 0.2138671875
3 0.48828125 0.34765625 0.06640625 0.150390625
3 0.6376953125 0.4072265625 0.06640625 0.201171875
1 0.609375 0.2890625 0.0458984375 0.078125
1 0.484375 0.2275390625 0.0380859375 0.0615234375
1 0.0390625 0.3115234375 0.0361328125 0.076171875
3 0.7744140625 0.3447265625 0.015625 0.0390625
1 0.7734375 0.310546875 0.009765625 0.021484375
1 0.2314453125 0.232421875 0.046875 0.0810546875