4 0.75 0.53125 0.0966796875 0.166015625
3 0.1611328125 0.5859375 0.0966796875 0.1513671875
3 0.2626953125 0.5849609375 0.0986328125 0.138671875
3 0.384765625 0.5517578125 0.083984375 0.138671875
3 0.46875 0.56640625 0.0625 0.1435546875
3 0.541015625 0.5546875 0.0751953125 0.1376953125
3 0.587890625 0.57421875 0.0751953125 0.1455078125
3 0.677734375 0.595703125 0.0732421875 0.1298828125
3 0.869140625 0.568359375 0.0859375 0.1591796875
2 0.1552734375 0.65625 0.126953125 0.4580078125
2 0.8740234375 0.6689453125 0.140625 0.5048828125
2 0.2626953125 0.6611328125 0.1142578125 0.443359375
2 0.384765625 0.6513671875 0.1298828125 0.4970703125
2 0.7568359375 0.6416015625 0.1201171875 0.521484375
2 0.587890625 0.6689453125 0.1015625 0.4482421875
2 0.462890625 0.654296875 0.087890625 0.4345703125
2 0.673828125 0.685546875 0.107421875 0.435546875
2 0.5341796875 0.63671875 0.0830078125 0.4580078125
1 0.87109375 0.4501953125 0.048828125 0.0703125
1 0.751953125 0.4169921875 0.0439453125 0.0712890625
1 0.1640625 0.466796875 0.04296875 0.0771484375
1 0.267578125 0.474609375 0.05859375 0.0791015625
1 0.6708984375 0.50390625 0.0478515625 0.0732421875
1 0.5927734375 0.4677734375 0.0380859375 0.0615234375
1 0.533203125 0.4423828125 0.0390625 0.0654296875
1 0.4638671875 0.46875 0.041015625 0.0625
1 0.3876953125 0.4423828125 0.041015625 0.07421875