4 0.7412109375 0.373046875 0.0458984375 0.1572265625
4 0.859375 0.5732421875 0.0693359375 0.244140625
4 0.646484375 0.6533203125 0.05078125 0.162109375
2 0.7421875 0.4228515625 0.11328125 0.4228515625
2 0.853515625 0.6689453125 0.111328125 0.654296875
2 0.6484375 0.7314453125 0.07421875 0.4833984375
2 0.623046875 0.462890625 0.0537109375 0.419921875
4 0.625 0.396484375 0.052734375 0.1572265625
0 0.73828125 0.2431640625 0.0302734375 0.0546875
0 0.6259765625 0.2744140625 0.03125 0.0478515625
0 0.84765625 0.37890625 0.041015625 0.0703125
0 0.640625 0.5185546875 0.0302734375 0.0498046875