4 0.919921875 0.5478515625 0.080078125 0.1875
4 0.814453125 0.607421875 0.0908203125 0.197265625
4 0.7080078125 0.619140625 0.076171875 0.1875
4 0.6083984375 0.619140625 0.0859375 0.193359375
4 0.478515625 0.623046875 0.09375 0.171875
4 0.373046875 0.61328125 0.0703125 0.1826171875
4 0.275390625 0.623046875 0.080078125 0.1923828125
4 0.1689453125 0.60546875 0.0888671875 0.177734375
4 0.0537109375 0.560546875 0.099609375 0.1767578125
2 0.068359375 0.666015625 0.13671875 0.63671875
2 0.927734375 0.6640625 0.1435546875 0.6298828125
2 0.4892578125 0.7041015625 0.126953125 0.544921875
2 0.376953125 0.701171875 0.119140625 0.5546875
2 0.609375 0.705078125 0.134765625 0.544921875
2 0.7158203125 0.697265625 0.1142578125 0.556640625
2 0.283203125 0.7041015625 0.126953125 0.552734375
2 0.1787109375 0.701171875 0.1171875 0.5654296875
2 0.814453125 0.6953125 0.125 0.5576171875
1 0.9140625 0.3974609375 0.06640625 0.0986328125
1 0.8125 0.45703125 0.0556640625 0.0791015625
1 0.720703125 0.466796875 0.09375 0.095703125
1 0.486328125 0.474609375 0.068359375 0.0859375
1 0.28125 0.45703125 0.0615234375 0.0625
1 0.1796875 0.4658203125 0.0654296875 0.09375
1 0.068359375 0.3955078125 0.0625 0.09375
1 0.607421875 0.4716796875 0.0517578125 0.07421875
1 0.3701171875 0.4609375 0.0595703125 0.072265625