3 0.529296875 0.5146484375 0.20703125 0.4130859375
3 0.7568359375 0.5556640625 0.1279296875 0.3154296875
3 0.1533203125 0.564453125 0.255859375 0.4150390625
3 0.8974609375 0.6552734375 0.17578125 0.466796875
2 0.5283203125 0.5498046875 0.2666015625 0.8857421875
2 0.1552734375 0.521484375 0.310546875 0.9365234375
2 0.810546875 0.5556640625 0.3779296875 0.8681640625
2 0.3232421875 0.6005859375 0.15625 0.76171875
2 0.73046875 0.603515625 0.21484375 0.765625
3 0.3251953125 0.568359375 0.1318359375 0.3505859375
0 0.765625 0.267578125 0.076171875 0.08984375
0 0.5234375 0.1572265625 0.1015625 0.1025390625
0 0.1484375 0.13671875 0.169921875 0.162109375
0 0.2861328125 0.265625 0.0791015625 0.091796875
0 0.84765625 0.2177734375 0.1884765625 0.19140625