3 0.5458984375 0.5146484375 0.0615234375 0.1796875
3 0.474609375 0.5263671875 0.0654296875 0.1923828125
3 0.40625 0.5498046875 0.0546875 0.1953125
3 0.185546875 0.5791015625 0.115234375 0.2724609375
3 0.3154296875 0.5810546875 0.0869140625 0.20703125
3 0.9140625 0.5859375 0.115234375 0.3427734375
2 0.189453125 0.65625 0.146484375 0.6796875
2 0.4052734375 0.638671875 0.103515625 0.544921875
2 0.310546875 0.6650390625 0.1181640625 0.5849609375
2 0.5390625 0.5927734375 0.0771484375 0.48046875
2 0.8984375 0.6396484375 0.171875 0.705078125
2 0.4755859375 0.607421875 0.09375 0.5029296875
0 0.193359375 0.3447265625 0.0615234375 0.0576171875
0 0.306640625 0.3984375 0.044921875 0.044921875
0 0.3994140625 0.3828125 0.0478515625 0.0419921875
0 0.46875 0.3720703125 0.0380859375 0.0478515625
0 0.541015625 0.3798828125 0.0361328125 0.0439453125
0 0.8896484375 0.33203125 0.076171875 0.0849609375