3 0.1962890625 0.6142578125 0.0693359375 0.1669921875
3 0.4150390625 0.6376953125 0.0791015625 0.19140625
3 0.8046875 0.671875 0.08984375 0.2109375
3 0.701171875 0.705078125 0.1103515625 0.2333984375
2 0.212890625 0.6630859375 0.123046875 0.4013671875
2 0.8134765625 0.7177734375 0.107421875 0.5556640625
2 0.6923828125 0.7392578125 0.1328125 0.513671875
2 0.41796875 0.6943359375 0.099609375 0.4404296875
0 0.818359375 0.478515625 0.064453125 0.0810546875
1 0.7158203125 0.515625 0.0517578125 0.0546875
1 0.19140625 0.4921875 0.03515625 0.05859375
0 0.4130859375 0.5048828125 0.0390625 0.056640625