4 0.138671875 0.4306640625 0.0634765625 0.1259765625
4 0.654296875 0.439453125 0.0390625 0.1044921875
4 0.70703125 0.4482421875 0.04296875 0.087890625
4 0.5263671875 0.455078125 0.0419921875 0.1142578125
4 0.2919921875 0.5166015625 0.119140625 0.2646484375
4 0.4208984375 0.5224609375 0.1318359375 0.275390625
2 0.2685546875 0.60546875 0.1875 0.76953125
2 0.4287109375 0.6201171875 0.1728515625 0.7451171875
2 0.701171875 0.4912109375 0.05859375 0.2626953125
2 0.5244140625 0.5087890625 0.0556640625 0.3310546875
2 0.12890625 0.5 0.0625 0.3525390625
2 0.65234375 0.501953125 0.05078125 0.3115234375
2 0.181640625 0.541015625 0.0693359375 0.4443359375
2 0.474609375 0.3984375 0.056640625 0.115234375
4 0.181640625 0.4755859375 0.048828125 0.154296875
0 0.4189453125 0.287109375 0.078125 0.0791015625
0 0.306640625 0.2705078125 0.0830078125 0.095703125
0 0.1640625 0.341796875 0.0517578125 0.052734375
0 0.5146484375 0.359375 0.0322265625 0.033203125
0 0.6474609375 0.361328125 0.03515625 0.0322265625
0 0.6904296875 0.376953125 0.0283203125 0.0341796875
0 0.14453125 0.3544921875 0.0263671875 0.0419921875
0 0.46484375 0.361328125 0.033203125 0.04296875