3 0.611328125 0.5234375 0.2421875 0.3720703125
3 0.888671875 0.5361328125 0.0908203125 0.166015625
3 0.9208984375 0.3798828125 0.158203125 0.1748046875
3 0.4267578125 0.5703125 0.109375 0.099609375
3 0.0576171875 0.416015625 0.1123046875 0.251953125
3 0.3115234375 0.4951171875 0.1171875 0.125
2 0.873046875 0.5966796875 0.251953125 0.7783203125
2 0.84765625 0.607421875 0.18359375 0.474609375
2 0.53125 0.5986328125 0.7841796875 0.802734375
2 0.0625 0.5283203125 0.125 0.6796875
2 0.306640625 0.5390625 0.205078125 0.5283203125
2 0.427734375 0.5869140625 0.103515625 0.2392578125
1 0.919921875 0.2275390625 0.0595703125 0.0400390625
1 0.8505859375 0.404296875 0.0625 0.048828125
1 0.328125 0.3486328125 0.0595703125 0.0400390625
1 0.6142578125 0.2939453125 0.130859375 0.111328125
1 0.0087890625 0.2568359375 0.017578125 0.0751953125
1 0.421875 0.5048828125 0.0458984375 0.046875