4 0.3232421875 0.4599609375 0.1806640625 0.3955078125
4 0.68359375 0.4814453125 0.1865234375 0.41796875
2 0.33203125 0.5419921875 0.232421875 0.8974609375
2 0.5322265625 0.5068359375 0.111328125 0.58203125
2 0.6728515625 0.5615234375 0.2177734375 0.8642578125
2 0.2060546875 0.4453125 0.1044921875 0.6142578125
2 0.935546875 0.5556640625 0.1220703125 0.630859375
2 0.7783203125 0.56640625 0.07421875 0.619140625
3 0.935546875 0.4765625 0.115234375 0.306640625
3 0.5341796875 0.39453125 0.0966796875 0.169921875
3 0.2138671875 0.337890625 0.091796875 0.2412109375
1 0.93359375 0.2939453125 0.05859375 0.109375
1 0.666015625 0.208984375 0.0927734375 0.1552734375
1 0.55078125 0.265625 0.04296875 0.0859375
1 0.3388671875 0.1748046875 0.0830078125 0.15234375
1 0.2109375 0.17578125 0.04296875 0.0703125
1 0.7685546875 0.2958984375 0.04296875 0.0771484375