4 0.5185546875 0.6708984375 0.08984375 0.2529296875
4 0.5966796875 0.6787109375 0.0615234375 0.232421875
4 0.6787109375 0.6884765625 0.08984375 0.234375
4 0.4072265625 0.7109375 0.0703125 0.2001953125
4 0.771484375 0.7177734375 0.08203125 0.2236328125
2 0.3984375 0.744140625 0.1279296875 0.509765625
2 0.5146484375 0.71484375 0.1318359375 0.568359375
2 0.765625 0.7529296875 0.103515625 0.490234375
2 0.6796875 0.7412109375 0.1103515625 0.517578125
2 0.5986328125 0.7197265625 0.095703125 0.5576171875
0 0.74609375 0.5380859375 0.05859375 0.06640625
0 0.6650390625 0.513671875 0.0595703125 0.0615234375
0 0.5830078125 0.470703125 0.0556640625 0.056640625
0 0.513671875 0.45703125 0.056640625 0.0576171875
0 0.423828125 0.517578125 0.0634765625 0.0556640625