3 0.5322265625 0.4150390625 0.1953125 0.2265625
3 0.8564453125 0.44921875 0.287109375 0.2607421875
3 0.322265625 0.396484375 0.2109375 0.3251953125
3 0.6669921875 0.419921875 0.068359375 0.2841796875
2 0.853515625 0.576171875 0.291015625 0.751953125
2 0.353515625 0.5087890625 0.2685546875 0.8154296875
2 0.5048828125 0.556640625 0.4267578125 0.7685546875
2 0.712890625 0.4970703125 0.2060546875 0.630859375
1 0.4169921875 0.162109375 0.1328125 0.150390625
1 0.91796875 0.30859375 0.15625 0.212890625
1 0.716796875 0.23828125 0.15234375 0.111328125
1 0.517578125 0.244140625 0.1689453125 0.140625