4 0.81640625 0.19921875 0.0341796875 0.0908203125
4 0.162109375 0.22265625 0.04296875 0.095703125
4 0.658203125 0.2509765625 0.056640625 0.10546875
4 0.869140625 0.2724609375 0.0439453125 0.12890625
4 0.1552734375 0.517578125 0.109375 0.23828125
2 0.16796875 0.6044921875 0.1806640625 0.60546875
2 0.6513671875 0.2353515625 0.0732421875 0.158203125
2 0.8076171875 0.224609375 0.0419921875 0.19921875
2 0.0400390625 0.4345703125 0.080078125 0.138671875
2 0.1640625 0.208984375 0.046875 0.142578125
2 0.509765625 0.2841796875 0.09375 0.2177734375
2 0.87109375 0.314453125 0.0595703125 0.2900390625
2 0.4326171875 0.2783203125 0.0341796875 0.2373046875
2 0.4189453125 0.23046875 0.0595703125 0.3291015625
4 0.5078125 0.2548828125 0.060546875 0.0888671875
4 0.4345703125 0.2275390625 0.0263671875 0.08984375
4 0.4140625 0.1533203125 0.0478515625 0.09765625
4 0.02734375 0.4130859375 0.0546875 0.0751953125
0 0.1669921875 0.333984375 0.060546875 0.0615234375
0 0.1611328125 0.1533203125 0.029296875 0.02734375
0 0.884765625 0.1845703125 0.0341796875 0.033203125
0 0.6533203125 0.173828125 0.0302734375 0.033203125
0 0.8076171875 0.1376953125 0.021484375 0.0244140625
0 0.435546875 0.080078125 0.0234375 0.0263671875