4 0.65625 0.6083984375 0.072265625 0.146484375
4 0.4462890625 0.6201171875 0.0986328125 0.2119140625
4 0.5400390625 0.6640625 0.0751953125 0.193359375
4 0.5849609375 0.689453125 0.0830078125 0.248046875
4 0.361328125 0.703125 0.1171875 0.2490234375
4 0.2392578125 0.7021484375 0.1279296875 0.30078125
2 0.2421875 0.716796875 0.123046875 0.552734375
2 0.3583984375 0.734375 0.125 0.5224609375
2 0.4443359375 0.7060546875 0.1015625 0.5517578125
2 0.5771484375 0.740234375 0.1015625 0.5126953125
2 0.6552734375 0.6669921875 0.0703125 0.37890625
2 0.318359375 0.564453125 0.060546875 0.19921875
2 0.5380859375 0.7275390625 0.0703125 0.4873046875
0 0.2529296875 0.47265625 0.0771484375 0.072265625
0 0.361328125 0.5078125 0.0498046875 0.060546875
0 0.328125 0.4892578125 0.037109375 0.0546875
0 0.4501953125 0.455078125 0.048828125 0.048828125
0 0.5419921875 0.5048828125 0.04296875 0.048828125
0 0.5986328125 0.521484375 0.0595703125 0.0712890625
0 0.6513671875 0.4990234375 0.037109375 0.037109375