4 0.75 0.6201171875 0.5 0.759765625
4 0.1103515625 0.6416015625 0.099609375 0.396484375
4 0.064453125 0.6572265625 0.060546875 0.341796875
4 0.388671875 0.6611328125 0.298828125 0.677734375
4 0.169921875 0.66796875 0.1484375 0.470703125
4 0.259765625 0.7265625 0.1376953125 0.546875
2 0.7626953125 0.5009765625 0.474609375 0.998046875
2 0.400390625 0.60546875 0.27734375 0.7890625
2 0.265625 0.654296875 0.1162109375 0.69140625
2 0.19140625 0.671875 0.140625 0.65625
2 0.1103515625 0.689453125 0.0908203125 0.62109375
1 0.369140625 0.3349609375 0.134765625 0.224609375
1 0.69921875 0.189453125 0.181640625 0.3701171875
1 0.2763671875 0.41796875 0.0986328125 0.1728515625
1 0.18359375 0.431640625 0.0888671875 0.1494140625
1 0.09765625 0.4521484375 0.08203125 0.12109375