3 0.4853515625 0.1328125 0.0244140625 0.0693359375
3 0.3642578125 0.138671875 0.0224609375 0.0625
3 0.5166015625 0.138671875 0.0224609375 0.0625
3 0.44921875 0.146484375 0.0263671875 0.0673828125
2 0.4453125 0.1494140625 0.0263671875 0.10546875
2 0.384765625 0.1513671875 0.0205078125 0.1201171875
2 0.36328125 0.146484375 0.021484375 0.119140625
2 0.4853515625 0.140625 0.0263671875 0.12109375
2 0.517578125 0.1572265625 0.021484375 0.142578125
3 0.3837890625 0.1279296875 0.0146484375 0.0419921875
1 0.3623046875 0.09765625 0.009765625 0.0166015625
0 0.384765625 0.095703125 0.0107421875 0.013671875
0 0.484375 0.083984375 0.0078125 0.01171875
0 0.5185546875 0.09375 0.0087890625 0.015625
0 0.4482421875 0.1064453125 0.009765625 0.01953125