4 0.15234375 0.5107421875 0.095703125 0.2373046875
4 0.8671875 0.5185546875 0.107421875 0.22265625
4 0.765625 0.544921875 0.095703125 0.216796875
4 0.2451171875 0.548828125 0.08984375 0.2431640625
4 0.6845703125 0.56640625 0.0859375 0.2373046875
4 0.5966796875 0.572265625 0.09765625 0.2607421875
4 0.337890625 0.57421875 0.0888671875 0.22265625
4 0.435546875 0.595703125 0.091796875 0.2783203125
4 0.5234375 0.595703125 0.076171875 0.2197265625
2 0.138671875 0.6142578125 0.125 0.6123046875
2 0.8623046875 0.6259765625 0.1181640625 0.5712890625
2 0.59375 0.6376953125 0.103515625 0.5458984375
2 0.337890625 0.6494140625 0.0966796875 0.53125
2 0.4375 0.6474609375 0.09375 0.525390625
2 0.248046875 0.64453125 0.1083984375 0.548828125
2 0.763671875 0.638671875 0.1123046875 0.5458984375
2 0.51953125 0.6591796875 0.078125 0.49609375
2 0.6806640625 0.6484375 0.1015625 0.5302734375
0 0.1572265625 0.3359375 0.05078125 0.0478515625
0 0.2509765625 0.3955078125 0.05078125 0.0576171875
0 0.3427734375 0.408203125 0.0439453125 0.052734375
0 0.4345703125 0.404296875 0.046875 0.03515625
0 0.5234375 0.4306640625 0.0458984375 0.0390625
0 0.591796875 0.390625 0.04296875 0.0458984375
0 0.681640625 0.4140625 0.04296875 0.0478515625
0 0.755859375 0.388671875 0.0478515625 0.0478515625
0 0.8544921875 0.36328125 0.046875 0.041015625