4 0.2373046875 0.4677734375 0.09765625 0.130859375
4 0.3984375 0.4736328125 0.1240234375 0.1630859375
3 0.1201171875 0.4814453125 0.1201171875 0.146484375
4 0.7236328125 0.486328125 0.072265625 0.146484375
4 0.8310546875 0.5 0.1259765625 0.1787109375
4 0.5302734375 0.4970703125 0.103515625 0.1572265625
3 0.646484375 0.5107421875 0.1083984375 0.16796875
2 0.2333984375 0.5498046875 0.1103515625 0.4501953125
2 0.1103515625 0.541015625 0.1376953125 0.4296875
2 0.3916015625 0.580078125 0.1298828125 0.5283203125
2 0.822265625 0.587890625 0.15625 0.5390625
2 0.6494140625 0.580078125 0.1162109375 0.4609375
2 0.5283203125 0.587890625 0.1376953125 0.5009765625
2 0.728515625 0.5556640625 0.087890625 0.4345703125
2 0.767578125 0.5537109375 0.083984375 0.48046875
0 0.12109375 0.3515625 0.0390625 0.0439453125
0 0.2275390625 0.3466796875 0.0419921875 0.0390625
0 0.42578125 0.34375 0.046875 0.0478515625
0 0.6484375 0.3779296875 0.04296875 0.0546875
0 0.826171875 0.3427734375 0.060546875 0.046875
0 0.52734375 0.37109375 0.0439453125 0.0478515625
0 0.7900390625 0.33984375 0.044921875 0.044921875
0 0.73046875 0.365234375 0.041015625 0.03515625