3 0.4130859375 0.4404296875 0.142578125 0.267578125
3 0.609375 0.4443359375 0.1455078125 0.306640625
3 0.2421875 0.4501953125 0.134765625 0.3779296875
3 0.8310546875 0.5078125 0.1845703125 0.4853515625
3 0.130859375 0.5078125 0.2099609375 0.4853515625
2 0.130859375 0.5625 0.1982421875 0.861328125
2 0.416015625 0.52734375 0.1376953125 0.6142578125
2 0.8232421875 0.544921875 0.19140625 0.8974609375
2 0.599609375 0.5439453125 0.1572265625 0.712890625
2 0.2490234375 0.5712890625 0.140625 0.826171875
1 0.3994140625 0.2763671875 0.0595703125 0.109375
1 0.2568359375 0.2060546875 0.0810546875 0.09375
0 0.1279296875 0.1962890625 0.1015625 0.1259765625
0 0.8134765625 0.1513671875 0.1240234375 0.1083984375
1 0.58203125 0.2509765625 0.0673828125 0.1298828125