3 0.826171875 0.3291015625 0.173828125 0.263671875
3 0.39453125 0.369140625 0.162109375 0.234375
3 0.626953125 0.603515625 0.1904296875 0.2431640625
3 0.3603515625 0.6103515625 0.169921875 0.328125
2 0.634765625 0.6328125 0.2021484375 0.498046875
2 0.3955078125 0.650390625 0.2490234375 0.5830078125
2 0.44140625 0.40234375 0.26953125 0.4052734375
2 0.818359375 0.484375 0.1923828125 0.806640625
0 0.484375 0.2529296875 0.09375 0.1103515625
0 0.8359375 0.1328125 0.078125 0.099609375
0 0.6611328125 0.4609375 0.0751953125 0.1474609375
0 0.46484375 0.443359375 0.099609375 0.1748046875