4 0.076171875 0.44140625 0.0908203125 0.255859375
4 0.654296875 0.4833984375 0.1025390625 0.2470703125
2 0.087890625 0.5888671875 0.111328125 0.7431640625
2 0.9345703125 0.6767578125 0.130859375 0.5009765625
2 0.2373046875 0.6474609375 0.146484375 0.380859375
2 0.4775390625 0.6708984375 0.10546875 0.455078125
2 0.6572265625 0.611328125 0.134765625 0.712890625
3 0.2802734375 0.6044921875 0.0546875 0.173828125
3 0.478515625 0.6025390625 0.09765625 0.12890625
3 0.94921875 0.5908203125 0.0908203125 0.1455078125
1 0.64453125 0.314453125 0.0458984375 0.111328125
1 0.0927734375 0.2724609375 0.0439453125 0.1064453125
1 0.2421875 0.4951171875 0.0361328125 0.0771484375
1 0.4794921875 0.4970703125 0.041015625 0.0859375
1 0.921875 0.4677734375 0.056640625 0.0849609375