3 0.7685546875 0.1171875 0.048828125 0.10546875
3 0.6513671875 0.12890625 0.0537109375 0.0966796875
3 0.3671875 0.15625 0.1044921875 0.1787109375
3 0.5634765625 0.2783203125 0.150390625 0.2607421875
3 0.1572265625 0.271484375 0.1962890625 0.2646484375
2 0.1845703125 0.5048828125 0.28125 0.7529296875
2 0.6015625 0.443359375 0.2353515625 0.685546875
2 0.357421875 0.2939453125 0.142578125 0.564453125
2 0.767578125 0.154296875 0.0478515625 0.25
2 0.6533203125 0.171875 0.0498046875 0.2177734375
1 0.6484375 0.0732421875 0.0166015625 0.01953125
1 0.76953125 0.0390625 0.0166015625 0.0205078125
1 0.509765625 0.154296875 0.05078125 0.1083984375
1 0.3759765625 0.0439453125 0.0390625 0.0634765625
1 0.2919921875 0.19140625 0.0595703125 0.1181640625