4 0.283203125 0.453125 0.142578125 0.34765625
4 0.611328125 0.451171875 0.150390625 0.3544921875
2 0.607421875 0.5556640625 0.201171875 0.869140625
2 0.283203125 0.5517578125 0.173828125 0.8818359375
2 0.09765625 0.5771484375 0.1923828125 0.828125
2 0.8056640625 0.27734375 0.0673828125 0.267578125
2 0.427734375 0.232421875 0.0439453125 0.29296875
2 0.982421875 0.2705078125 0.03515625 0.26953125
2 0.9482421875 0.28515625 0.048828125 0.2490234375
2 0.19140625 0.513671875 0.087890625 0.595703125
2 0.5703125 0.224609375 0.037109375 0.130859375
2 0.1806640625 0.171875 0.048828125 0.169921875
2 0.1796875 0.2119140625 0.05078125 0.2509765625
3 0.0927734375 0.60546875 0.1552734375 0.4580078125
3 0.1923828125 0.4326171875 0.076171875 0.26953125
3 0.1806640625 0.1806640625 0.041015625 0.0830078125
3 0.4296875 0.18359375 0.0361328125 0.099609375
3 0.56640625 0.2314453125 0.0302734375 0.0732421875
3 0.7958984375 0.2265625 0.0419921875 0.078125
3 0.982421875 0.224609375 0.02734375 0.0986328125
3 0.94140625 0.224609375 0.0302734375 0.0546875
1 0.0625 0.2607421875 0.09375 0.1982421875
1 0.2900390625 0.193359375 0.0625 0.15234375
1 0.61328125 0.201171875 0.0556640625 0.15625
1 0.7998046875 0.1640625 0.0224609375 0.04296875
1 0.9453125 0.1826171875 0.0234375 0.0400390625
1 0.9765625 0.15625 0.0234375 0.0419921875
1 0.5751953125 0.1767578125 0.01953125 0.03515625
1 0.431640625 0.107421875 0.0263671875 0.0439453125
1 0.177734375 0.1103515625 0.0263671875 0.04296875
1 0.1904296875 0.2724609375 0.0615234375 0.11328125