3 0.208984375 0.5322265625 0.2890625 0.4873046875
3 0.6904296875 0.541015625 0.17578125 0.3291015625
3 0.494140625 0.5791015625 0.291015625 0.3740234375
3 0.8740234375 0.7255859375 0.2490234375 0.548828125
2 0.865234375 0.583984375 0.2412109375 0.7939453125
2 0.48828125 0.470703125 0.3232421875 0.5849609375
2 0.67578125 0.4375 0.166015625 0.5556640625
2 0.1845703125 0.4912109375 0.369140625 0.9521484375
0 0.28515625 0.10546875 0.1484375 0.1767578125
1 0.8251953125 0.3203125 0.134765625 0.2607421875
1 0.66796875 0.27734375 0.1201171875 0.2265625
1 0.4873046875 0.2822265625 0.12109375 0.20703125