3 0.2080078125 0.53125 0.0341796875 0.0498046875
3 0.4873046875 0.5888671875 0.0703125 0.0517578125
3 0.587890625 0.59765625 0.0625 0.078125
3 0.3857421875 0.6953125 0.103515625 0.1435546875
3 0.6865234375 0.70703125 0.130859375 0.1845703125
3 0.251953125 0.7587890625 0.1865234375 0.23828125
3 0.7841796875 0.8125 0.17578125 0.26171875
2 0.283203125 0.6953125 0.2451171875 0.3837890625
2 0.73828125 0.7587890625 0.3603515625 0.4814453125
2 0.38671875 0.646484375 0.1083984375 0.2216796875
2 0.5849609375 0.6162109375 0.0712890625 0.2099609375
2 0.7001953125 0.6904296875 0.15625 0.349609375
2 0.205078125 0.548828125 0.03515625 0.1201171875
2 0.4853515625 0.568359375 0.06640625 0.0849609375
0 0.4814453125 0.5419921875 0.029296875 0.029296875
0 0.5859375 0.5283203125 0.033203125 0.0322265625
0 0.6689453125 0.5478515625 0.07421875 0.0634765625
0 0.7978515625 0.5634765625 0.109375 0.0869140625
0 0.3916015625 0.56640625 0.0673828125 0.0625
0 0.2890625 0.546875 0.09375 0.0830078125
1 0.2041015625 0.49609375 0.0107421875 0.01171875