4 0.6630859375 0.1923828125 0.1103515625 0.1962890625
4 0.7939453125 0.193359375 0.068359375 0.1767578125
2 0.6591796875 0.248046875 0.11328125 0.466796875
2 0.7958984375 0.251953125 0.076171875 0.474609375
2 0.4814453125 0.708984375 0.1484375 0.576171875
2 0.7080078125 0.36328125 0.0615234375 0.2412109375
2 0.4375 0.2998046875 0.1435546875 0.505859375
2 0.845703125 0.3447265625 0.052734375 0.265625
3 0.4794921875 0.69140625 0.11328125 0.26171875
3 0.453125 0.26171875 0.1005859375 0.2021484375
3 0.703125 0.34375 0.0458984375 0.1201171875
3 0.84375 0.310546875 0.0361328125 0.1142578125
1 0.458984375 0.4892578125 0.0771484375 0.134765625
1 0.43359375 0.0888671875 0.0458984375 0.099609375
1 0.642578125 0.048828125 0.0380859375 0.078125
1 0.78515625 0.0556640625 0.0400390625 0.1005859375
1 0.837890625 0.2255859375 0.01953125 0.0419921875
1 0.6953125 0.263671875 0.0302734375 0.052734375