4 0.859375 0.4677734375 0.1328125 0.2109375
4 0.083984375 0.4814453125 0.16796875 0.326171875
4 0.259765625 0.482421875 0.142578125 0.2451171875
4 0.5712890625 0.5458984375 0.1513671875 0.2890625
4 0.4111328125 0.7646484375 0.201171875 0.421875
2 0.8623046875 0.4931640625 0.224609375 0.537109375
2 0.5751953125 0.61328125 0.1796875 0.7705078125
2 0.4013671875 0.646484375 0.255859375 0.70703125
2 0.2451171875 0.587890625 0.1806640625 0.8232421875
2 0.078125 0.580078125 0.15625 0.8388671875
0 0.859375 0.287109375 0.0693359375 0.1171875
0 0.5634765625 0.3173828125 0.0830078125 0.166015625
0 0.3798828125 0.439453125 0.1357421875 0.265625
0 0.0439453125 0.279296875 0.087890625 0.220703125
0 0.2431640625 0.2822265625 0.095703125 0.2021484375