4 0.2041015625 0.7919921875 0.189453125 0.412109375
4 0.3447265625 0.787109375 0.1826171875 0.4169921875
2 0.26171875 0.6650390625 0.3095703125 0.658203125
2 0.87890625 0.826171875 0.1025390625 0.318359375
2 0.8193359375 0.828125 0.037109375 0.26953125
2 0.34765625 0.677734375 0.1748046875 0.6376953125
2 0.44921875 0.8759765625 0.041015625 0.2021484375
3 0.8525390625 0.7919921875 0.033203125 0.1484375
3 0.8154296875 0.78515625 0.0224609375 0.0986328125
3 0.447265625 0.83984375 0.025390625 0.0859375
1 0.8564453125 0.6923828125 0.03125 0.0390625
1 0.8251953125 0.7138671875 0.0234375 0.0380859375
1 0.3583984375 0.4619140625 0.083984375 0.1865234375
1 0.2490234375 0.46875 0.1142578125 0.2548828125
1 0.4375 0.787109375 0.01171875 0.0263671875