4 0.080078125 0.4580078125 0.16015625 0.322265625
4 0.3125 0.458984375 0.162109375 0.3173828125
4 0.515625 0.4638671875 0.1748046875 0.28125
4 0.7080078125 0.4521484375 0.1591796875 0.3017578125
4 0.927734375 0.345703125 0.1357421875 0.2158203125
2 0.2958984375 0.546875 0.1513671875 0.6220703125
2 0.697265625 0.5400390625 0.154296875 0.658203125
2 0.072265625 0.541015625 0.14453125 0.66015625
2 0.9111328125 0.5 0.177734375 0.8232421875
2 0.5029296875 0.5439453125 0.1611328125 0.6044921875
2 0.1884765625 0.4833984375 0.0341796875 0.1044921875
0 0.896484375 0.130859375 0.0869140625 0.0849609375
0 0.69921875 0.2392578125 0.0654296875 0.052734375
0 0.50390625 0.2685546875 0.0595703125 0.0537109375
0 0.2978515625 0.2666015625 0.0703125 0.0595703125
0 0.0390625 0.2509765625 0.07421875 0.0693359375