4 0.416015625 0.544921875 0.0546875 0.1337890625
4 0.4970703125 0.5517578125 0.060546875 0.1416015625
2 0.6591796875 0.8916015625 0.060546875 0.21484375
2 0.505859375 0.619140625 0.0966796875 0.39453125
2 0.416015625 0.619140625 0.0791015625 0.3974609375
2 0.619140625 0.669921875 0.0576171875 0.3427734375
2 0.3486328125 0.5849609375 0.060546875 0.21484375
2 0.21484375 0.7705078125 0.060546875 0.3818359375
2 0.66796875 0.6787109375 0.0634765625 0.25
2 0.2529296875 0.703125 0.044921875 0.2490234375
2 0.3134765625 0.59375 0.03515625 0.201171875
2 0.236328125 0.5478515625 0.0546875 0.25
2 0.1669921875 0.669921875 0.0439453125 0.3193359375
2 0.6767578125 0.5302734375 0.048828125 0.21484375
3 0.6591796875 0.896484375 0.044921875 0.08984375
3 0.62109375 0.61328125 0.033203125 0.1279296875
3 0.6708984375 0.5126953125 0.0263671875 0.0849609375
3 0.6572265625 0.646484375 0.02734375 0.076171875
3 0.3447265625 0.5634765625 0.03515625 0.083984375
3 0.2353515625 0.5126953125 0.041015625 0.0771484375
3 0.1640625 0.6259765625 0.0302734375 0.1240234375
3 0.208984375 0.72265625 0.0390625 0.140625
3 0.25390625 0.6708984375 0.03125 0.0751953125
3 0.314453125 0.5810546875 0.0283203125 0.0869140625
1 0.2119140625 0.6064453125 0.025390625 0.04296875
1 0.494140625 0.451171875 0.02734375 0.056640625
1 0.421875 0.4501953125 0.0263671875 0.0546875
1 0.65234375 0.8134765625 0.0322265625 0.056640625
1 0.6318359375 0.529296875 0.0302734375 0.0634765625
1 0.67578125 0.43359375 0.0205078125 0.02734375
1 0.6572265625 0.576171875 0.0244140625 0.0400390625
1 0.3515625 0.4912109375 0.017578125 0.025390625
1 0.232421875 0.44921875 0.0244140625 0.046875
1 0.3173828125 0.5146484375 0.0205078125 0.0478515625
1 0.2822265625 0.52734375 0.015625 0.0244140625
1 0.2509765625 0.603515625 0.0244140625 0.052734375