3 0.8583984375 0.5068359375 0.1376953125 0.232421875
4 0.8818359375 0.89453125 0.177734375 0.205078125
3 0.197265625 0.208984375 0.1025390625 0.1572265625
3 0.3115234375 0.19921875 0.0830078125 0.1455078125
3 0.4091796875 0.1796875 0.0693359375 0.12890625
4 0.19921875 0.8486328125 0.169921875 0.2548828125
2 0.208984375 0.7734375 0.248046875 0.4404296875
2 0.2099609375 0.2529296875 0.125 0.36328125
2 0.40625 0.203125 0.076171875 0.2890625
2 0.306640625 0.240234375 0.1298828125 0.328125
2 0.8544921875 0.517578125 0.138671875 0.447265625
2 0.8720703125 0.845703125 0.1982421875 0.298828125
2 0.064453125 0.6650390625 0.1279296875 0.3251953125
3 0.0546875 0.634765625 0.107421875 0.1953125
0 0.1337890625 0.6552734375 0.0966796875 0.1142578125
0 0.4033203125 0.083984375 0.037109375 0.0517578125
0 0.1787109375 0.095703125 0.0498046875 0.048828125
0 0.025390625 0.54296875 0.05078125 0.072265625
0 0.3046875 0.095703125 0.044921875 0.0439453125
1 0.869140625 0.3466796875 0.0615234375 0.1015625
0 0.8388671875 0.7470703125 0.0771484375 0.1005859375