4 0.1884765625 0.587890625 0.14453125 0.2861328125
4 0.701171875 0.5966796875 0.142578125 0.26171875
4 0.5556640625 0.611328125 0.107421875 0.259765625
4 0.4287109375 0.6015625 0.140625 0.3486328125
4 0.3125 0.6357421875 0.0908203125 0.228515625
4 0.841796875 0.677734375 0.11328125 0.2822265625
2 0.70703125 0.6533203125 0.1611328125 0.61328125
2 0.431640625 0.630859375 0.1494140625 0.6533203125
2 0.841796875 0.689453125 0.111328125 0.5439453125
2 0.5537109375 0.662109375 0.1142578125 0.5859375
2 0.189453125 0.6416015625 0.1416015625 0.62890625
2 0.31640625 0.681640625 0.09765625 0.5546875
2 0.2685546875 0.65625 0.0556640625 0.5390625
0 0.8447265625 0.44921875 0.0546875 0.064453125
0 0.548828125 0.40625 0.05859375 0.0703125
0 0.1826171875 0.3662109375 0.0615234375 0.076171875
0 0.3271484375 0.4345703125 0.052734375 0.068359375
0 0.265625 0.4189453125 0.0390625 0.0537109375
0 0.447265625 0.3447265625 0.05859375 0.078125
0 0.7041015625 0.37890625 0.056640625 0.064453125
4 0.279296875 0.5205078125 0.0419921875 0.083984375