4 0.1201171875 0.7099609375 0.23828125 0.5712890625
4 0.79296875 0.5830078125 0.326171875 0.8291015625
2 0.794921875 0.494140625 0.326171875 0.986328125
2 0.15625 0.4951171875 0.3125 0.984375
2 0.4560546875 0.59765625 0.21875 0.783203125
2 0.5390625 0.3037109375 0.04296875 0.23046875
2 0.30078125 0.287109375 0.0341796875 0.1650390625
2 0.3818359375 0.326171875 0.046875 0.263671875
3 0.4521484375 0.623046875 0.1875 0.35546875
3 0.5380859375 0.265625 0.0322265625 0.0751953125
3 0.37890625 0.279296875 0.03515625 0.0859375
3 0.30078125 0.255859375 0.0283203125 0.0576171875
1 0.4521484375 0.326171875 0.095703125 0.236328125
0 0.1796875 0.16796875 0.3525390625 0.3203125
1 0.541015625 0.20703125 0.0224609375 0.0341796875
1 0.384765625 0.2177734375 0.0244140625 0.041015625
1 0.2998046875 0.2099609375 0.017578125 0.0263671875