3 0.1689453125 0.435546875 0.337890625 0.4326171875
3 0.6513671875 0.5439453125 0.2177734375 0.24609375
3 0.888671875 0.544921875 0.2216796875 0.296875
3 0.4189453125 0.5498046875 0.181640625 0.32421875
2 0.2333984375 0.4951171875 0.4658203125 0.927734375
2 0.857421875 0.5595703125 0.28515625 0.615234375
2 0.642578125 0.4267578125 0.2060546875 0.3037109375
2 0.4306640625 0.474609375 0.1962890625 0.513671875
0 0.2802734375 0.1142578125 0.130859375 0.1611328125
0 0.83984375 0.326171875 0.1044921875 0.166015625
0 0.6416015625 0.33984375 0.0908203125 0.1318359375
0 0.474609375 0.2978515625 0.103515625 0.1552734375