4 0.0791015625 0.443359375 0.078125 0.1962890625
4 0.61328125 0.4736328125 0.083984375 0.1943359375
2 0.087890625 0.55859375 0.091796875 0.578125
2 0.458984375 0.6162109375 0.0810546875 0.3359375
2 0.2802734375 0.595703125 0.107421875 0.27734375
2 0.796875 0.6162109375 0.099609375 0.365234375
2 0.6123046875 0.578125 0.111328125 0.572265625
3 0.8017578125 0.580078125 0.0712890625 0.1669921875
3 0.4609375 0.5703125 0.072265625 0.1259765625
3 0.2958984375 0.56640625 0.0673828125 0.1474609375
1 0.7861328125 0.4716796875 0.0380859375 0.072265625
1 0.607421875 0.33203125 0.0302734375 0.0859375
1 0.4619140625 0.484375 0.0244140625 0.07421875
1 0.2861328125 0.486328125 0.03515625 0.0673828125
1 0.0927734375 0.3115234375 0.0380859375 0.072265625