4 0.63671875 0.3681640625 0.1103515625 0.3134765625
4 0.1123046875 0.4560546875 0.166015625 0.3642578125
4 0.7744140625 0.4658203125 0.142578125 0.486328125
4 0.84765625 0.65625 0.1142578125 0.2568359375
2 0.1259765625 0.572265625 0.234375 0.8544921875
2 0.6259765625 0.4736328125 0.1357421875 0.728515625
2 0.830078125 0.650390625 0.166015625 0.4853515625
2 0.76953125 0.4677734375 0.138671875 0.712890625
0 0.7529296875 0.1494140625 0.0556640625 0.0751953125
0 0.6416015625 0.1416015625 0.0517578125 0.064453125
0 0.1025390625 0.181640625 0.0771484375 0.0791015625
0 0.8251953125 0.4423828125 0.0537109375 0.0625