4 0.9404296875 0.26953125 0.068359375 0.150390625
4 0.7822265625 0.3125 0.076171875 0.1689453125
4 0.2587890625 0.3427734375 0.099609375 0.2373046875
2 0.76953125 0.3740234375 0.1083984375 0.4501953125
2 0.2646484375 0.41796875 0.134765625 0.5576171875
2 0.9384765625 0.2900390625 0.076171875 0.294921875
2 0.392578125 0.2412109375 0.02734375 0.1201171875
4 0.396484375 0.224609375 0.015625 0.0458984375
0 0.767578125 0.177734375 0.060546875 0.0615234375
0 0.9453125 0.1611328125 0.0380859375 0.0498046875
0 0.28125 0.1767578125 0.064453125 0.0810546875