4 0.32421875 0.455078125 0.072265625 0.1435546875
4 0.478515625 0.4921875 0.048828125 0.1171875
2 0.0830078125 0.5341796875 0.166015625 0.5986328125
2 0.896484375 0.5126953125 0.1103515625 0.60546875
2 0.306640625 0.5263671875 0.1123046875 0.4814453125
2 0.4814453125 0.5185546875 0.0634765625 0.296875
2 0.67578125 0.525390625 0.0849609375 0.4013671875
2 0.408203125 0.521484375 0.0205078125 0.06640625
4 0.9013671875 0.4287109375 0.1044921875 0.232421875
4 0.6884765625 0.45703125 0.0537109375 0.1474609375
4 0.0947265625 0.421875 0.12890625 0.2431640625
4 0.4091796875 0.5146484375 0.0146484375 0.0205078125
0 0.111328125 0.296875 0.0830078125 0.1259765625
0 0.330078125 0.3095703125 0.0390625 0.0517578125
0 0.4833984375 0.3818359375 0.0244140625 0.03125
0 0.6826171875 0.3447265625 0.0341796875 0.041015625
0 0.8896484375 0.2353515625 0.06640625 0.0546875