3 0.41015625 0.6142578125 0.0400390625 0.125
3 0.474609375 0.638671875 0.044921875 0.130859375
3 0.765625 0.767578125 0.099609375 0.298828125
3 0.591796875 0.7900390625 0.0986328125 0.27734375
3 0.8955078125 0.794921875 0.076171875 0.267578125
2 0.763671875 0.7197265625 0.1279296875 0.552734375
2 0.58203125 0.73046875 0.1416015625 0.529296875
2 0.890625 0.74609375 0.1005859375 0.49609375
2 0.423828125 0.681640625 0.0869140625 0.349609375
2 0.47265625 0.6787109375 0.068359375 0.337890625
2 0.546875 0.583984375 0.0439453125 0.158203125
3 0.548828125 0.6025390625 0.033203125 0.0625
0 0.9111328125 0.537109375 0.0625 0.08203125
0 0.486328125 0.5302734375 0.02734375 0.0361328125
1 0.765625 0.48828125 0.05859375 0.0830078125
1 0.62109375 0.5029296875 0.05859375 0.080078125
1 0.4140625 0.51953125 0.0263671875 0.0478515625
1 0.5537109375 0.5361328125 0.025390625 0.052734375