3 0.9130859375 0.390625 0.1220703125 0.2802734375
3 0.556640625 0.400390625 0.150390625 0.3232421875
3 0.3203125 0.48828125 0.2275390625 0.5126953125
3 0.705078125 0.5224609375 0.1376953125 0.3779296875
2 0.5849609375 0.5712890625 0.4140625 0.837890625
2 0.919921875 0.4677734375 0.15625 0.6474609375
2 0.328125 0.5205078125 0.2421875 0.927734375
2 0.556640625 0.5400390625 0.158203125 0.8564453125
2 0.44140625 0.5048828125 0.1279296875 0.8564453125
3 0.4267578125 0.421875 0.0947265625 0.318359375
0 0.955078125 0.1796875 0.0859375 0.0634765625
0 0.7021484375 0.21484375 0.1533203125 0.1240234375
0 0.5419921875 0.1513671875 0.1005859375 0.0771484375
0 0.3564453125 0.1220703125 0.146484375 0.12890625